time,acc_NS(gal),acc_EW(gal),acc_UD(gal)
0.00,0.00000000,0.33037924,0.25606337
0.01,0.07427183,0.38383455,0.26833084
0.02,0.14861531,0.43529173,0.27735243
0.03,0.22162473,0.48282717,0.28294510
0.04,0.29193746,0.52469134,0.28496691
0.05,0.35828269,0.55942317,0.28331975
0.06,0.41952722,0.58594753,0.27795147
0.07,0.47471632,0.60364893,0.26885751
0.08,0.52310808,0.61241611,0.25608190
0.09,0.56419952,0.61265390,0.23971764
0.10,0.59774352,0.60526101,0.21990648
0.11,0.62375558,0.59157447,0.19683803
0.12,0.64250994,0.57328389,0.17074823
0.13,0.65452524,0.55232067,0.14191719
0.14,0.66053991,0.53072903,0.11066637
0.15,0.66147833,0.51052723,0.07735523
0.16,0.65840884,0.49356806,0.04237727
0.17,0.65249538,0.48140787,0.00615554
0.18,0.64494447,0.47519321,-0.03086232
0.19,0.63694976,0.47557294,-0.06820942
0.20,0.62963647,0.48264220,-0.10540538
0.21,0.62400780,0.49592271,-0.14196234
0.22,0.62089586,0.51438135,-0.17739119
0.23,0.62091909,0.53648669,-0.21120797
0.24,0.62444810,0.56030022,-0.24294027
0.25,0.63158153,0.58359716,-0.27213366
0.26,0.64213319,0.60400908,-0.29835799
0.27,0.65563116,0.61917947,-0.32121346
0.28,0.67132932,0.62692191,-0.34033649
0.29,0.68823086,0.62537054,-0.35540513
0.30,0.70512328,0.61311236,-0.36614412
0.31,0.72062356,0.58929247,-0.37232939
0.32,0.73323199,0.55368439,-0.37379198
0.33,0.74139243,0.50672029,-0.37042130
0.34,0.74355688,0.44947825,-0.36216773
0.35,0.73825175,0.38362660,-0.34904444
0.36,0.72414301,0.31132811,-0.33112842
0.37,0.70009775,0.23510986,-0.30856073
0.38,0.66523938,0.15770663,-0.28154584
0.39,0.61899422,0.08188790,-0.25035022
0.40,0.56112719,0.01027956,-0.21530001
0.41,0.49176521,-0.05480770,-0.17677794
0.42,0.41140678,-0.11153191,-0.13521937
0.43,0.32091731,-0.15864445,-0.09110760
0.44,0.22150988,-0.19557716,-0.04496851
0.45,0.11471211,-0.22248521,0.00263556
0.46,0.00232001,-0.24024209,0.05111243
0.47,-0.11365947,-0.25038631,0.09984725
0.48,-0.23107518,-0.25502220,0.14821017
0.49,-0.34770521,-0.25668087,0.19556421
0.50,-0.46133432,-0.25814971,0.24127351
0.51,-0.56983218,-0.26228133,0.28471163
0.52,-0.67122941,-0.27179437,0.32526995
0.53,-0.76378831,-0.28907930,0.36236592
0.54,-0.84606521,-0.31602239,0.39545121
0.55,-0.91696207,-0.35385997,0.42401949
0.56,-0.97576476,-0.40307326,0.44761387
0.57,-1.02216651,-0.46333170,0.46583375
0.58,-1.05627526,-0.53348949,0.47834116
0.59,-1.07860440,-0.61163649,0.48486632
0.60,-1.09004694,-0.69520134,0.48521245
0.61,-1.09183413,-0.78110070,0.47925970
0.62,-1.08547976,-0.86592573,0.46696816
0.63,-1.07271240,-0.94615391,0.44837984
0.64,-1.05539807,-1.01837270,0.42361969
0.65,-1.03545646,-1.07950025,0.39289547
0.66,-1.01477406,-1.12698841,0.35649656
0.67,-0.99511764,-1.15899422,0.31479173
0.68,-0.97805191,-1.17450786,0.26822576
0.69,-0.96486462,-1.17342764,0.21731505
0.70,-0.95650250,-1.15657626,0.16264214
0.71,-0.95352081,-1.12565605,0.10484940
0.72,-0.95604900,-1.08314512,0.04463166
0.73,-0.96377404,-1.03214035,-0.01727185
0.74,-0.97594255,-0.97615671,-0.08008638
0.75,-0.99138209,-0.91889561,-0.14301112
0.76,-1.00854097,-0.86399709,-0.20522919
0.77,-1.02554542,-0.81479232,-0.26591799
0.78,-1.04027210,-0.77407283,-0.32425989
0.79,-1.05043322,-0.74389224,-0.37945295
0.80,-1.05367112,-0.72541446,-0.43072172
0.81,-1.04765848,-0.71881915,-0.47732784
0.82,-1.03020038,-0.72327208,-0.51858032
0.83,-0.99933378,-0.73696332,-0.55384549
0.84,-0.95342052,-0.75721211,-0.58255626
0.85,-0.89122982,-0.78063254,-0.60422073
0.86,-0.81200662,-0.80335010,-0.61843000
0.87,-0.71552282,-0.82125556,-0.62486497
0.88,-0.60210880,-0.83027986,-0.62330215
0.89,-0.47266374,-0.82667212,-0.61361828
0.90,-0.32864368,-0.80726205,-0.59579372
0.91,-0.17202751,-0.76968922,-0.56991459
0.92,-0.00526168,-0.71258297,-0.53617352
0.93,0.16881436,-0.63568031,-0.49486904
0.94,0.34705961,-0.53987265,-0.44640356
0.95,0.52613631,-0.42717696,-0.39127998
0.96,0.70262412,-0.30063199,-0.33009689
0.97,0.87313943,-0.16412507,-0.26354246
0.98,1.03445490,-0.02215983,-0.19238707
0.99,1.18361459,0.12042082,-0.11747465
1.00,1.31803991,0.25873856,-0.03971302
1.01,1.43562203,0.38819086,0.03993687
1.02,1.53479679,0.50474869,0.12047253
1.03,1.61459895,0.60522076,0.20086229
1.04,1.67469311,0.68746604,0.28005827
1.05,1.71537994,0.75053952,0.35700976
1.06,1.73757693,0.79476037,0.43067685
1.07,1.74277427,0.82169662,0.50004426
1.08,1.73296718,0.83406593,0.56413498
1.09,1.71056728,0.83555771,0.62202368
1.10,1.67829619,0.83058719,0.67284972
1.11,1.63906567,0.82399655,0.71582947
1.12,1.59584882,0.82072244,0.75026789
1.13,1.55154781,0.82545143,0.77556915
1.14,1.50886329,0.84228621,0.79124611
1.15,1.47017110,0.87444516,0.79692853
1.16,1.43741145,0.92401604,0.79236996
1.17,1.41199538,0.99178102,0.77745308
1.18,1.39473267,1.07712627,0.75219343
1.19,1.38578456,1.17804355,0.71674151
1.20,1.38464374,1.29122528,0.67138312
1.21,1.39014284,1.41224859,0.61653797
1.22,1.40049170,1.53583742,0.55275648
1.23,1.41334234,1.65618671,0.48071482
1.24,1.42587941,1.76732817,0.40120827
1.25,1.43493309,1.86351384,0.31514282
1.26,1.43710994,1.93959232,0.22352531
1.27,1.42893682,1.99135239,0.12745194
1.28,1.40701217,2.01581065,0.02809550
1.29,1.36815857,2.01142297,-0.07330859
1.30,1.30957027,1.97820448,-0.17547738
1.31,1.22894969,1.91774854,-0.27709631
1.32,1.12462691,1.83314176,-0.37683580
1.33,0.99565700,1.72877898,-0.47336836
1.34,0.84189082,1.61008901,-0.56538594
1.35,0.66401580,1.48318786,-0.65161730
1.36,0.46356442,1.35448146,-0.73084522
1.37,0.24288955,1.23024358,-0.80192327
1.38,0.00510682,1.11619673,-0.86379192
1.39,-0.24599407,1.01712399,-0.91549386
1.40,-0.50606637,0.93653835,-0.95618812
1.41,-0.77034716,0.87643251,-0.98516302
1.42,-1.03381716,0.83712719,-1.00184757
1.43,-1.29137303,0.81722975,-1.00582127
1.44,-1.53800587,0.81370762,-0.99682204
1.45,-1.76897849,0.82207368,-0.97475230
1.46,-1.97999462,0.83667293,-0.93968294
1.47,-2.16735295,0.85105301,-0.89185515
1.48,-2.32807981,0.85839517,-0.83168013
1.49,-2.46003465,0.85197805,-0.75973645
1.50,-2.56198386,0.82564356,-0.67676532
1.51,-2.63363949,0.77423399,-0.58366354
1.52,-2.67566088,0.69397060,-0.48147440
1.53,-2.68961860,0.58274734,-0.37137642
1.54,-2.67792177,0.44031879,-0.25467024
1.55,-2.64371128,0.26836788,-0.13276362
1.56,-2.59072270,0.07044701,-0.00715485
1.57,-2.52312430,-0.14820588,0.12058530
1.58,-2.44533641,-0.38096581,0.24883290
1.59,-2.36183923,-0.62021604,0.37593117
1.60,-2.27697701,-0.85781537,0.50021149
1.61,-2.19476660,-1.08560737,0.62001504
1.62,-2.11871817,-1.29593859,0.73371448
1.63,-2.05167601,-1.48215103,0.83973573
1.64,-1.99568594,-1.63901603,0.93657931
1.65,-1.95189559,-1.76307958,1.02284107
1.66,-1.92049197,-1.85289462,1.09723202
1.67,-1.90067951,-1.90912334,1.15859697
1.68,-1.89070033,-1.93450037,1.20593169
1.69,-1.88789644,-1.93365748,1.23839843
1.70,-1.88881207,-1.91281907,1.25533945
1.71,-1.88933256,-1.87938708,1.25628846
1.72,-1.88485478,-1.84144115,1.24097972
1.73,-1.87048250,-1.80718621,1.20935471
1.74,-1.84123918,-1.78438356,1.16156608
1.75,-1.79228967,-1.77980335,1.09797910
1.76,-1.71916184,-1.79873523,1.01917015
1.77,-1.61795909,-1.84459095,0.92592261
1.78,-1.48555473,-1.91862696,0.81921982
1.79,-1.31976003,-2.01980736,0.70023549
1.80,-1.11945849,-2.14481883,0.57032133
1.81,-0.88470018,-2.28823878,0.43099224
1.82,-0.61675159,-2.44284813,0.28390915
1.83,-0.31809815,-2.60007019,0.13085960
1.84,0.00760164,-2.75050828,-0.02626351
1.85,0.35560954,-2.88454793,-0.18548497
1.86,0.72024532,-2.99298455,-0.34477171
1.87,1.09506431,-3.06763512,-0.50205836
1.88,1.47306823,-3.10189292,-0.65527367
1.89,1.84694147,-3.09118747,-0.80236739
1.90,2.20930365,-3.03331755,-0.94133725
1.91,2.55296878,-2.92863327,-1.07025582
1.92,2.87120054,-2.78005260,-1.18729675
1.93,3.15795362,-2.59290884,-1.29076005
1.94,3.40809110,-2.37463665,-1.37909621
1.95,3.61756892,-2.13431502,-1.45092863
1.96,3.78357961,-1.88209561,-1.50507421
1.97,3.90464899,-1.62855270,-1.54056167
1.98,3.98068140,-1.38399702,-1.55664741
1.99,4.01295094,-1.15779860,-1.55282868
2.00,4.00403856,-0.95776391,-1.52885370
2.01,3.95771690,-0.78960969,-1.48472881
2.02,3.87878691,-0.65656988,-1.42072221
2.03,3.77287241,-0.55916394,-1.33736446
2.04,3.64618044,-0.49514439,-1.23544549
2.05,3.50523695,-0.45962963,-1.11600821
2.06,3.35660810,-0.44541597,-0.98033875
2.07,3.20661882,-0.44345073,-0.82995334
2.08,3.06107984,-0.44343712,-0.66658201
2.09,2.92503476,-0.43453255,-0.49214925
2.10,2.80253779,-0.40609497,-0.30875189
2.11,2.69647176,-0.34842838,-0.11863435
2.12,2.60841449,-0.25347730,0.07583838
2.13,2.53855973,-0.11542349,0.27220974
2.14,2.48569670,0.06885686,0.46796218
2.15,2.44724996,0.29950775,0.66054907
2.16,2.41937897,0.57360178,0.84742737
2.17,2.39713390,0.88525120,1.02609077
2.18,2.37466235,1.22591748,1.19410289
2.19,2.34545919,1.58490168,1.34912995
2.20,2.30264977,1.94998578,1.48897267
2.21,2.23929551,2.30818457,1.61159681
2.22,2.14870953,2.64655958,1.71516209
2.23,2.02476950,2.95304207,1.79804893
2.24,1.86221483,3.21721027,1.85888271
2.25,1.65691552,3.43096862,1.89655525
2.26,1.40610139,3.58908244,1.91024303
2.27,1.10854135,3.68953043,1.89942203
2.28,0.76466463,3.73364893,1.86387892
2.29,0.37661786,3.72605563,1.80371823
2.30,-0.05174537,3.67435448,1.71936560
2.31,-0.51494331,3.58863878,1.61156684
2.32,-1.00601122,3.48082253,1.48138285
2.33,-1.51670819,3.36384244,1.33018025
2.34,-2.03777833,3.25078195,1.15961806
2.35,-2.55925674,3.15397479,0.97163022
2.36,-3.07080865,3.08414744,0.76840437
2.37,-3.56208871,3.04965860,0.55235700
2.38,-4.02310640,3.05588752,0.32610529
2.39,-4.44458282,3.10481449,0.09243588
2.40,-4.81828483,3.19482400,-0.14572897
2.41,-5.13732248,3.32074712,-0.38536745
2.42,-5.39639770,3.47414361,-0.62339611
2.43,-5.59199355,3.64380851,-0.85670908
2.44,-5.72249569,3.81647259,-1.08221814
2.45,-5.78824062,3.97765281,-1.29689314
2.46,-5.79148772,4.11259825,-1.49780219
2.47,-5.73631564,4.20726987,-1.68215115
2.48,-5.62844620,4.24928931,-1.84732189
2.49,-5.47500242,4.22879302,-1.99090876
2.50,-5.28420965,4.13913368,-2.11075283
2.51,-5.06505141,3.97737983,-2.20497333
2.52,-4.82689369,3.74457777,-2.27199601
2.53,-4.57909241,3.44575495,-2.31057776
2.54,-4.33060030,3.08966098,-2.31982741
2.55,-4.08958904,2.68825988,-2.29922206
2.56,-3.86310255,2.25600401,-2.24861900
2.57,-3.65675598,1.80893486,-2.16826274
2.58,-3.47449341,1.36366835,-2.05878712
2.59,-3.31841482,0.93633050,-1.92121239
2.60,-3.18868060,0.54151358,-1.75693721
2.61,-3.08349829,0.19132259,-1.56772563
2.62,-2.99919328,-0.10542328,-1.35568907
2.63,-2.93036168,-0.34377914,-1.12326363
2.64,-2.87010016,-0.52301072,-0.87318283
2.65,-2.81030427,-0.64665297,-0.60844601
2.66,-2.74202401,-0.72228329,-0.33228305
2.67,-2.65586263,-0.76102091,-0.04811539
2.68,-2.54240295,-0.77678214,0.24048580
2.69,-2.39264392,-0.78533801,0.52984403
2.70,-2.19842963,-0.80323462,0.81622387
2.71,-1.95285290,-0.84664639,1.09587870
2.72,-1.65061639,-0.93023793,1.36509923
2.73,-1.28833581,-1.06611064,1.62026223
2.74,-0.86477163,-1.26290545,1.85787867
2.75,-0.38097880,-1.52512388,2.07464091
2.76,0.15963328,-1.85271554,2.26746802
2.77,0.75133418,-2.24096343,2.43354884
2.78,1.38619983,-2.68067875,2.57038198
2.79,2.05432995,-3.15869645,2.67581247
2.80,2.74414844,-3.65864281,2.74806424
2.81,3.44277589,-4.16192760,2.78576815
2.82,4.13646032,-4.64889786,2.78798514
2.83,4.81104977,-5.10007885,2.75422398
2.84,5.45248846,-5.49742077,2.68445349
2.85,6.04731689,-5.82546850,2.57910894
2.86,6.58315614,-6.07237569,2.43909241
2.87,7.04915656,-6.23069376,2.26576715
2.88,7.43639266,-6.29788055,2.06094579
2.89,7.73818780,-6.27649128,1.82687257
2.90,7.95035469,-6.17403519,1.56619982
2.91,8.07134145,-6.00250332,1.28195866
2.92,8.10227617,-5.77759463,0.97752456
2.93,8.04690721,-5.51768850,0.65657783
2.94,7.91144076,-5.24262872,0.32305978
2.95,7.70428103,-4.97239784,-0.01887515
2.96,7.43568281,-4.72576880,-0.36491069
2.97,7.11732963,-4.51902339,-0.71062266
2.98,6.76185389,-4.36482403,-1.05153508
2.99,6.38231809,-4.27131574,-1.38317767
3.00,5.99167779,-4.24152142,-1.70114392
3.01,5.60224816,-4.27307416,-2.00114912
3.02,5.22519599,-4.35830901,-2.27908755
3.03,4.87007816,-4.48471233,-2.53108799
3.04,4.54444613,-4.63570372,-2.75356692
3.05,4.25353319,-4.79170221,-2.94327866
3.06,4.00003842,-4.93140964,-3.09736171
3.07,3.78401719,-5.03322831,-3.21338063
3.08,3.60288393,-5.07672015,-3.28936300
3.09,3.45152836,-5.04401076,-3.32383072
3.10,3.32254172,-4.92104421,-3.31582533
3.11,3.20654490,-4.69860294,-3.26492681
3.12,3.09260630,-4.37302206,-3.17126573
3.13,2.96873311,-3.94654655,-3.03552823
3.14,2.82241682,-3.42730305,-2.85895399
3.15,2.64121103,-2.82888342,-2.64332688
3.16,2.41331810,-2.16956269,-2.39095843
3.17,2.12816065,-1.47119899,-2.10466428
3.18,1.77691391,-0.75788468,-1.78773374
3.19,1.35297656,-0.05443513,-1.44389287
3.20,0.85235961,0.61518624,-1.07726138
3.21,0.27397622,1.22940292,-0.69230391
3.22,-0.38018122,1.77041766,-0.29377630
3.23,-1.10498549,2.22536821,0.11333270
3.24,-1.89224486,2.58716666,0.52386331
3.25,-2.73089828,2.85496320,0.93254967
3.26,-3.60732966,3.03419889,1.33408688
3.27,-4.50579016,3.13623944,1.72319941
3.28,-5.40891332,3.17760960,2.09470984
3.29,-6.29830350,3.17887450,2.44360725
3.30,-7.15517509,3.16323863,2.76511423
3.31,-7.96101769,3.15495248,3.05475155
3.32,-8.69826078,3.17763095,3.30839987
3.33,-9.35091150,3.25259467,3.52235739
3.34,-9.90513962,3.39734521,3.69339278
3.35,-10.34978579,3.62427742,3.81879261
3.36,-10.67677186,3.93971770,3.89640265
3.37,-10.88139595,4.34335638,3.92466228
3.38,-10.96249918,4.82811674,3.90263170
3.39,-10.92249632,5.38047482,3.83001133
3.40,-10.76726774,5.98121423,3.70715308
3.41,-10.50591583,6.60657107,3.53506337
3.42,-10.15039457,7.22969748,3.31539762
3.43,-9.71502601,7.82235049,3.05044622
3.44,-9.21592243,8.35669642,2.74311219
3.45,-8.67033660,8.80711249,2.39688045
3.46,-8.09596614,9.15186596,2.01577941
3.47,-7.51023968,9.37455762,1.60433480
3.48,-6.92961388,9.46523145,1.16751672
3.49,-6.36891004,9.42107267,0.71068021
3.50,-5.84071778,9.24664339,0.23950016
3.51,-5.35489071,8.95363505,-0.24009865
3.52,-4.91815566,8.56014875,-0.72201558
3.53,-4.53385255,8.08954618,-1.20005126
3.54,-4.20181675,7.56894292,-1.66798686
3.55,-3.91841010,7.02744025,-2.11966452
3.56,-3.67670094,6.49421055,-2.54906790
3.57,-3.46678702,5.99656178,-2.95040174
3.58,-3.27624956,5.55810990,-3.31816950
3.59,-3.09072110,5.19718186,-3.64724793
3.60,-2.89454491,4.92555810,-3.93295766
3.61,-2.67149970,4.74764199,-4.17112876
3.62,-2.40556057,4.66011611,-4.35816044
3.63,-2.08166496,4.65211360,-4.49107400
3.64,-1.68645216,4.70589887,-4.56755830
3.65,-1.20894546,4.79801782,-4.58600703
3.66,-0.64114790,4.90084621,-4.54554725
3.67,0.02147400,4.98443733,-4.44605870
3.68,0.77964012,5.01854925,-4.28818356
3.69,1.63005648,4.97471860,-4.07332645
3.70,2.56537525,4.82824328,-3.80364441
3.71,3.57431908,4.55994097,-3.48202713
3.72,4.64196703,4.15756392,-3.11206739
3.73,5.75019290,3.61677188,-2.69802204
3.74,6.87824045,2.94159358,-2.24476397
3.75,8.00341416,2.14434012,-1.75772554
3.76,9.10185940,1.24497013,-1.24283417
3.77,10.14940176,0.26994250,-0.70644075
3.78,11.12241276,-0.74937256,-0.15524189
3.79,11.99866754,-1.77862354,0.40380327
3.80,12.75816016,-2.78262439,0.96356039
3.81,13.38384353,-3.72757769,1.51681062
3.82,13.86226351,-4.58322768,2.05634319
3.83,14.18406083,-5.32479946,2.57504902
3.84,14.34431965,-5.93459350,3.06601383
3.85,14.34274709,-6.40312623,3.52260984
3.86,14.18367548,-6.72973635,3.93858462
3.87,13.87588541,-6.92261139,4.30814599
3.88,13.43225541,-6.99822702,4.62604193
3.89,12.86925108,-6.98023071,4.88763415
3.90,12.20627273,-6.89783859,5.08896458
3.91,11.46488711,-6.78384732,5.22681365
3.92,10.66797329,-6.67238975,5.29874960
3.93,9.83881654,-6.59658117,5.30316807
3.94,9.00018682,-6.58621205,5.23932136
3.95,8.17343891,-6.66564135,5.10733688
3.96,7.37767123,-6.85203310,4.90822436
3.97,6.62897783,-7.15405709,4.64387179
3.98,5.93982484,-7.57114535,4.31702983
3.99,5.31857787,-8.09335964,3.93128489
4.00,4.76920074,-8.70188538,3.49102113
4.01,4.29113928,-9.37012570,3.00137167
4.02,3.87939649,-10.06532921,2.46815961
4.03,3.52479737,-10.75064896,1.89782952
4.04,3.21443435,-11.38750014,1.29737012
4.05,2.93227632,-11.93806305,0.67422927
4.06,2.65991778,-12.36776662,0.03622197
4.07,2.37743831,-12.64758718,-0.60856721
4.08,2.06433812,-12.75600825,-1.25188612
4.09,1.70051156,-12.68050758,-1.88542032
4.10,1.26721888,-12.41846819,-2.50090013
4.11,0.74801596,-11.97744726,-3.09020817
4.12,0.12960302,-11.37477863,-3.64548598
4.13,-0.59744360,-10.63652908,-4.15923831
4.14,-1.43808831,-9.79587127,-4.62443373
4.15,-2.39242780,-8.89097595,-5.03460019
4.16,-3.45547615,-7.96255880,-5.38391425
4.17,-4.61715508,-7.05124167,-5.66728272
4.18,-5.86249250,-6.19490162,-5.88041571
4.19,-7.17202406,-5.42618394,-6.01988982
4.20,-8.52238413,-4.77034578,-6.08320085
4.21,-9.88706489,-4.24357684,-6.06880493
4.22,-11.23731499,-3.85191313,-5.97614773
4.23,-12.54314337,-3.59082152,-5.80568097
4.24,-13.77438923,-3.44548871,-5.55886620
4.25,-14.90181599,-3.39180213,-5.23816532
4.26,-15.89818571,-3.39796363,-4.84701825
4.27,-16.73927075,-3.42663450,-4.38980748
4.28,-17.40476175,-3.43747402,-3.87181027
4.29,-17.87903439,-3.38990607,-3.29913862
4.30,-18.15174326,-3.24593185,-2.67866800
4.31,-18.21821748,-2.97280170,-2.01795539
4.32,-18.07964054,-2.54536691,-1.32514782
4.33,-17.74300559,-1.94795176,-0.60888231
4.34,-17.22084622,-1.17561657,0.12182133
4.35,-16.53075185,-0.23472165,0.85767381
4.36,-15.69468572,0.85725195,1.58923411
4.37,-14.73813159,2.07262054,2.30703025
4.38,-13.68910231,3.37510080,3.00168168
4.39,-12.57704940,4.72199789,3.66402149
4.40,-11.43171702,6.06683914,4.28521698
4.41,-10.28198631,7.36228271,4.85688704
4.42,-9.15475686,8.56311108,5.37121469
4.43,-8.07391092,9.62911149,5.82105333
4.44,-7.05940291,10.52765152,6.20002524
4.45,-6.12651198,11.23577638,6.50261098
4.46,-5.28528921,11.74168473,6.72422855
4.47,-4.54022306,12.04547978,6.86130096
4.48,-3.89013823,12.15913999,6.91131148
4.49,-3.32833348,12.10570457,6.87284555
4.50,-2.84295447,11.91772156,6.74561889
4.51,-2.41758766,11.63505546,6.53049103
4.52,-2.03205267,11.30219489,6.22946431
4.53,-1.66336168,10.96523508,5.84566791
4.54,-1.28680773,10.66873334,5.38332722
4.55,-0.87713789,10.45264563,4.84771869
4.56,-0.40976367,10.34954883,4.24511071
4.57,0.13804129,10.38233611,3.58269105
4.58,0.78600563,10.56254289,2.86848178
4.59,1.54983468,10.88942040,2.11124272
4.60,2.44033822,11.34982507,1.32036437
4.61,3.46274944,11.91893835,0.50575183
4.62,4.61626531,12.56177650,-0.32229894
4.63,5.89382992,13.23539704,-1.15323102
4.64,7.28217264,13.89166122,-1.97636087
4.65,8.76210274,14.48037414,-2.78101547
4.66,10.30905155,14.95259689,-3.55667050
4.67,11.89384329,15.26391259,-4.29308769
4.68,13.48366600,15.37742871,-4.98044970
4.69,15.04320586,15.26631430,-5.60949056
4.70,16.53590093,14.91569952,-6.17162020
4.71,17.92526537,14.32380610,-6.65904108
4.72,19.17623166,13.50222699,-7.06485568
4.73,20.25645726,12.47532966,-7.38316307
4.74,21.13754305,11.27881515,-7.60914349
4.75,21.79611402,9.95752157,-7.73912951
4.76,22.21471781,8.56261153,-7.77066287
4.77,22.38250366,7.14832495,-7.70253617
4.78,22.29565283,5.76850921,-7.53481861
4.79,21.95754163,4.47315505,-7.26886543
4.80,21.37862826,3.30516779,-6.90731078
4.81,20.57606653,2.29759025,-6.45404393
4.82,19.57305984,1.47146468,-5.91416907
4.83,18.39797981,0.83448077,-5.29394896
4.84,17.08328362,0.38050523,-4.60073326
4.85,15.66427224,0.09003081,-3.84287206
4.86,14.17773874,-0.06847813,-3.02961586
4.87,12.66056049,-0.13642628,-2.17100305
4.88,11.14829175,-0.16225179,-1.27773634
4.89,9.67381339,-0.19809772,-0.36104954
4.90,8.26609475,-0.29620850,0.56743349
4.91,6.94911832,-0.50528883,1.49584613
4.92,5.74101147,-0.86706727,2.41223052
4.93,4.65342177,-1.41329477,3.30469146
4.94,3.69116215,-2.16338142,4.16155069
4.95,2.85214203,-3.12283385,4.97149953
4.96,2.12758832,-4.28260395,5.72374794
4.97,1.50254883,-5.61939949,6.40816796
4.98,0.95665898,-7.09694420,7.01542969
4.99,0.46514157,-8.66811142,7.53712794
5.00,-0.00000000,-10.27779686,7.96589795
5.01,-0.46864325,-11.86634598,8.29551837
5.02,-0.97111703,-13.37331310,8.52100032
5.03,-1.53673938,-14.74130589,8.63866112
5.04,-2.19238303,-15.91966102,8.64618161
5.05,-2.96112807,-16.86770636,8.54264631
5.06,-3.86105844,-17.55739047,8.32856566
5.07,-4.90425312,-17.97510077,8.00587996
5.08,-6.09601580,-18.12254401,7.57794483
5.09,-7.43437705,-18.01662427,7.04949821
5.10,-8.90989252,-17.68831959,6.42660929
5.11,-10.50574850,-17.18062500,5.71660972
5.12,-12.19817414,-16.54569192,4.92800805
5.13,-13.95714674,-15.84134857,4.07038833
5.14,-15.74736484,-15.12722807,3.15429393
5.15,-17.52945248,-14.46075886,2.19109826
5.16,-19.26134850,-13.89328284,1.19286369
5.17,-20.89982667,-13.46656013,0.17219060
5.18,-22.40208697,-13.20989544,-0.85794161
5.19,-23.72735452,-13.13808145,-1.88433956
5.20,-24.83842237,-13.25030168,-2.89376489
5.21,-25.70307572,-13.53007253,-3.87310498
5.22,-26.29533953,-13.94623583,-4.80954327
5.23,-26.59649837,-14.45494347,-5.69072698
5.24,-26.59584588,-15.00250919,-6.50492990
5.25,-26.29113205,-15.52894446,-7.24120828
5.26,-25.68868829,-15.97194834,-7.88954765
5.27,-24.80322338,-16.27108953,-8.44099860
5.28,-23.65729627,-16.37190434,-8.88779972
5.29,-22.28048516,-16.22963769,-9.22348604
5.30,-20.70828436,-15.81237628,-9.44298133
5.31,-18.98077171,-15.10336158,-9.54267317
5.32,-17.14109895,-14.10232317,-9.52046948
5.33,-15.23386478,-12.82573715,-9.37583584
5.34,-13.30343537,-11.30598460,-9.10981281
5.35,-11.39227979,-9.58945837,-8.72501306
5.36,-9.53938728,-7.73373628,-8.22559808
5.37,-7.77883067,-5.80400156,-7.61723468
5.38,-6.13853433,-3.86894271,-6.90703182
5.39,-4.63929729,-1.99640082,-6.10345820
5.40,-3.29411204,-0.24905101,-5.21624184
5.41,-2.10780741,1.31959581,-4.25625266
5.42,-1.07703154,2.66860390,-3.23536948
5.43,-0.19057634,3.77220708,-2.16633318
5.44,0.56996820,4.62140939,-1.06258766
5.45,1.22925579,5.22448029,0.06188925
5.46,1.81695954,5.60630494,1.19276288
5.47,2.36633102,5.80662602,2.31552463
5.48,2.91260086,5.87728740,3.41567823
5.49,3.49128620,5.87865678,4.47892701
5.50,4.13647434,5.87546035,5.49135983
5.51,4.87915341,5.93230260,6.43963317
5.52,5.74565944,6.10916746,7.31114698
5.53,6.75630500,6.45719981,8.09421205
5.54,7.92424733,7.01504968,8.77820665
5.55,9.25464493,7.80602594,9.35372025
5.56,10.74413983,8.83625408,9.81268255
5.57,12.38068986,10.09396712,10.14847592
5.58,14.14376116,11.54998435,10.35602969
5.59,16.00487658,13.15935425,10.43189511
5.60,17.92850111,14.86406004,10.37429965
5.61,19.87323153,16.59661573,10.18318008
5.62,21.79324511,18.28432001,9.86019349
5.63,23.63995102,19.85389024,9.40870623
5.64,25.36377984,21.23617213,8.83376068
5.65,26.91604009,22.37061350,8.14202000
5.66,28.25076791,23.20920457,7.34169177
5.67,29.32649539,23.71962064,6.44243109
5.68,30.10786620,23.88735444,5.45522439
5.69,30.56703235,23.71669117,4.39225538
5.70,30.68477501,23.23045513,3.26675474
5.71,30.45130234,22.46853800,2.09283532
5.72,29.86669060,21.48529946,0.88531506
5.73,28.94094866,20.34600652,-0.34047024
5.74,27.69370127,19.12254223,-1.56886199
5.75,26.15350156,17.88866449,-2.78407904
5.76,24.35679863,16.71512699,-3.97042076
5.77,22.34659970,15.66498516,-5.11247015
5.78,20.17087911,14.78939958,-6.19529443
5.79,17.88079668,14.12421796,-7.20464048
5.80,15.52879635,13.68756667,-8.12712267
5.81,13.16666044,13.47861717,-8.95040035
5.82,10.84359795,13.47761540,-9.66334295
5.83,8.60444329,13.64717909,-10.25618029
5.84,6.48803857,13.93478362,-10.72063606
5.85,4.52586477,14.27627775,-11.05004282
5.86,2.74097767,14.60020151,-11.23943673
5.87,1.14729225,14.83262368,-11.28563078
5.88,-0.25075493,14.90218058,-11.18726549
5.89,-1.45815078,14.74498268,-10.94483616
5.90,-2.48885968,14.30906228,-10.56069635
5.91,-3.36500390,13.55806455,-10.03903733
5.92,-4.11570297,12.47393252,-9.38584367
5.93,-4.77561885,11.05840202,-8.60882537
5.94,-5.38326578,9.33320065,-7.71732738
5.95,-5.97915362,7.33893019,-6.72221747
5.96,-6.60384068,5.13269889,-5.63575388
5.97,-7.29597591,2.78465367,-4.47143423
5.98,-8.09041152,0.37363560,-3.24382772
5.99,-9.01646423,-2.01775835,-1.96839260
6.00,-10.09639804,-4.30838379,-0.66128115
6.01,-11.34419263,-6.42368433,0.66086520
6.02,-12.76465017,-8.30041392,1.98112812
6.03,-14.35288000,-9.89063167,3.28252936
6.04,-16.09418518,-11.16470160,4.54824946
6.05,-17.96435900,-12.11309417,5.76184555
6.06,-19.93038267,-12.74686516,6.90746535
6.07,-21.95149911,-13.09677442,7.97005459
6.08,-23.98062236,-13.21109713,8.93555511
6.09,-25.96602804,-13.15226705,9.79109101
6.10,-27.85325895,-12.99256964,10.52514050
6.11,-29.58717022,-12.80916665,11.12769098
6.12,-31.11403287,-12.67877964,11.59037544
6.13,-32.38361130,-12.67238416,11.90658813
6.14,-33.35113115,-12.85026701,12.07157812
6.15,-33.97905771,-13.25777678,12.08251925
6.16,-34.23861225,-13.92205334,11.93855558
6.17,-34.11096400,-14.84995830,11.64082152
6.18,-33.58804810,-16.02734995,11.19243643
6.19,-32.67297466,-17.41975749,10.59847343
6.20,-31.38001043,-18.97441700,9.86590290
6.21,-29.73413181,-20.62354083,9.00351118
6.22,-27.77016493,-22.28860993,8.02179538
6.23,-25.53154545,-23.88540966,6.93283573
6.24,-23.06874619,-25.32947908,5.75014676
6.25,-20.43743404,-26.54161472,4.48850942
6.26,-17.69642906,-27.45306465,3.16378594
6.27,-14.90554666,-28.01006759,1.79272007
6.28,-12.12340893,-28.17743338,0.39272494
6.29,-9.40531252,-27.94092376,-1.01833864
6.30,-6.80123874,-27.30827045,-2.42239055
6.31,-4.35408577,-26.30875735,-3.80136363
6.32,-2.09819436,-24.99138843,-5.13743669
6.33,-0.05822663,-23.42175677,-6.41326545
6.34,1.75155661,-21.67781665,-7.61220814
6.35,3.32759047,-19.84483415,-8.71854310
6.36,4.67686030,-18.00984750,-9.71767531
6.37,5.81632159,-16.25600183,-10.59632929
6.38,6.77190857,-14.65713329,-11.34272567
6.39,7.57717168,-13.27296188,-11.94673923
6.40,8.27159949,-12.14521407,-12.40003615
6.41,8.89869316,-11.29493529,-12.69618872
6.42,9.50387245,-10.72117485,-12.83076583
6.43,10.13229892,-10.40113554,-12.80139808
6.44,10.82670607,-10.29178320,-12.60781650
6.45,11.62532588,-10.33281495,-12.25186425
6.46,12.55999786,-10.45079400,-11.73748115
6.47,13.65453951,-10.56418107,-11.07066100
6.48,14.92344691,-10.58893183,-10.25938222
6.49,16.37098064,-10.44429073,-9.31351263
6.50,17.99067733,-10.05839769,-8.24468938
6.51,19.76530933,-9.37333417,-7.06617566
6.52,21.66729745,-8.34927179,-5.79269579
6.53,23.65956280,-6.96744397,-4.44025085
6.54,25.69678612,-5.23173885,-3.02591715
6.55,27.72702623,-3.16880157,-1.56763003
6.56,29.69363422,-0.82663298,-0.08395582
6.57,31.53738793,1.72822888,1.40614522
6.58,33.19876175,4.41476387,2.88356192
6.59,34.62024101,7.14249813,4.32927797
6.60,35.74858783,9.81717699,5.72461741
6.61,36.53696708,12.34670989,7.05148659
6.62,36.94684591,14.64699524,8.29260941
6.63,36.94958948,16.64723986,9.43175285
6.64,36.52768725,18.29441976,10.45393986
6.65,35.67555866,19.55658467,11.34564668
6.66,34.39990408,20.42478426,12.09498211
6.67,32.71958489,20.91348470,12.69184631
6.68,30.66503546,21.05944363,13.12806700
6.69,28.27722874,20.91911377,13.39751119
6.70,25.60623520,20.56474300,13.49617097
6.71,22.70943124,20.07942587,13.42222218
6.72,19.64942761,19.55143138,13.17605501
6.73,16.49179974,19.06818146,12.76027611
6.74,13.30271024,18.71027822,12.17968215
6.75,10.14651804,18.54597679,11.44120495
6.76,7.08346985,18.62647147,10.55382889
6.77,4.16756613,18.98231101,9.52848156
6.78,1.44468709,19.62118409,8.37789900
6.79,-1.04894620,20.52722682,7.11646712
6.80,-3.28791373,21.66190287,5.76004137
6.81,-5.25829601,22.96640347,4.32574689
6.82,-6.95790277,24.36541297,2.83176166
6.83,-8.39602235,25.77199513,1.29708537
6.84,-9.59270206,27.09327994,-0.25870293
6.85,-10.57758918,28.23657692,-1.81569547
6.86,-11.38838011,29.11551134,-3.35391126
6.87,-12.06894108,29.65577703,-4.85355338
6.88,-12.66717749,29.80012374,-6.29526456
6.89,-13.23273923,29.51224643,-7.66037786
6.90,-13.81465614,28.77931562,-8.93115912
6.91,-14.45900112,27.61297730,-10.09103802
6.92,-15.20667712,26.04875172,-11.12482483
6.93,-16.09141974,24.14386595,-12.01890985
6.94,-17.13809849,21.97365937,-12.76144304
6.95,-18.36138792,19.62679572,-13.34249142
6.96,-19.76486481,17.19959507,-13.75417213
6.97,-21.34057066,14.78985844,-13.99075940
6.98,-23.06905956,12.49059178,-14.04876391
6.99,-24.91993223,10.38404448,-13.92698354
7.00,-26.85283687,8.53645685,-13.62652472
7.01,-28.81889846,6.99386604,-13.15079400
7.02,-30.76252093,5.77924959,-12.50545994
7.03,-32.62349070,4.89119878,-11.69838571
7.04,-34.33929802,4.30421229,-10.73953320
7.05,-35.84758326,3.97059413,-9.64083981
7.06,-37.08860981,3.82383303,-8.41606939
7.07,-38.00766386,3.78324240,-7.08063935
7.08,-38.55728395,3.75955553,-5.65142596
7.09,-38.69922970,3.66110703,-4.14655033
7.10,-38.40610927,3.40019159,-2.58514794
7.11,-37.66259872,2.89917847,-0.98712442
7.12,-36.46620256,2.09597535,0.62709905
7.13,-34.82752326,0.94847732,2.23684767
7.14,-32.77002702,-0.56229680,3.82145870
7.15,-30.32931343,-2.43059242,5.36054762
7.16,-27.55191662,-4.62594241,6.83427131
7.17,-24.49368449,-7.09482871,8.22358475
7.18,-21.21779947,-9.76387671,9.51048798
7.19,-17.79251904,-12.54437517,10.67826008
7.20,-14.28872554,-15.33782627,11.71167721
7.21,-10.77738260,-18.04216132,12.59721166
7.22,-7.32699938,-20.55821307,13.32320948
7.23,-4.00120378,-22.79601749,13.88004431
7.24,-0.85652129,-24.68052839,14.26024528
7.25,2.05955192,-26.15636640,14.45859742
7.26,4.71010493,-27.19128678,14.47221309
7.27,7.06993519,-27.77813483,14.30057359
7.28,9.12619444,-27.93515753,13.94554021
7.29,10.87853225,-27.70464813,13.41133463
7.30,12.33873256,-27.15001137,12.70448885
7.31,13.52985867,-26.35144099,11.83376517
7.32,14.48494270,-25.40049406,10.81004731
7.33,15.24527332,-24.39391955,9.64620393
7.34,15.85835255,-23.42714910,8.35692633
7.35,16.37560549,-22.58788033,6.95854235
7.36,16.84993714,-21.95017831,5.46880885
7.37,17.33323672,-21.56948640,3.90668542
7.38,17.87393214,-21.47887867,2.29209220
7.39,18.51469539,-21.68680407,0.64565492
7.40,19.29039351,-22.17647407,-1.01155957
7.41,20.22637010,-22.90693705,-2.65831383
7.42,21.33712868,-23.81577092,-4.27347301
7.43,22.62547335,-24.82321810,-5.83627712
7.44,24.08214342,-25.83749137,-7.32660883
7.45,25.68595861,-26.76090086,-8.72525340
7.46,27.40447084,-27.49639778,-10.01414733
7.47,29.19509789,-27.95410200,-11.17661245
7.48,31.00669447,-28.05738135,-12.19757259
7.49,32.78149856,-27.74807905,-13.06374975
7.50,34.45737530,-26.99054205,-13.76383739
7.51,35.97026836,-25.77418134,-14.28864854
7.52,37.25676049,-24.11439258,-14.63123669
7.53,38.25663958,-22.05177337,-14.78698804
7.54,38.91536677,-19.64968620,-14.75368366
7.55,39.18634639,-16.99032561,-14.53153088
7.56,39.03290546,-14.16954736,-14.12316352
7.57,38.42990189,-11.29079954,-13.53361062
7.58,37.36489544,-8.45855527,-12.77023448
7.59,35.83883297,-5.77168022,-11.84263836
7.60,33.86621876,-3.31717283,-10.76254523
7.61,31.47476180,-1.16469085,-9.54364915
7.62,28.70451247,0.63777367,-8.20144092
7.63,25.60652213,2.06678474,-6.75301051
7.64,22.24107778,3.12472628,-5.21682865
7.65,18.67558173,3.83935547,-3.61251031
7.66,14.98216003,4.26167449,-1.96056339
7.67,11.23509456,4.46226087,-0.28212550
7.68,7.50818100,4.52629918,1.40130755
7.69,3.87211762,4.54764236,3.06815804
7.70,0.39202869,4.62229611,4.69704404
7.71,-2.87477887,4.84175785,6.26705473
7.72,-5.88073685,5.28665181,7.75801983
7.73,-8.58953888,6.02108279,9.15076978
7.74,-10.97720556,7.08808340,10.42738309
7.75,-13.03265006,8.50645798,11.57141788
7.76,-14.75772312,10.26923385,12.56812442
7.77,-16.16673715,12.34382424,13.40463602
7.78,-17.28549036,14.67389444,14.07013574
7.79,-18.14983215,17.18280932,14.55599683
7.80,-18.80382931,19.77843617,14.85589490
7.81,-19.29760898,22.35898676,14.96589061
7.82,-19.68496725,24.81951336,14.88448154
7.83,-20.02084168,27.05863021,14.61262271
7.84,-20.35875183,28.98501670,14.15371542
7.85,-20.74831275,30.52327247,13.51356459
7.86,-21.23292368,31.61873771,12.70030499
7.87,-21.84772694,32.24095972,11.72429754
7.88,-22.61792113,32.38557659,10.59799674
7.89,-23.55749813,32.07449322,9.33579118
7.90,-24.66845640,31.35433785,7.95381898
7.91,-25.94052358,30.29330110,6.46976066
7.92,-27.35140071,28.97656625,4.90261205
7.93,-28.86751904,27.50063300,3.27244024
7.94,-30.44527986,25.96691002,1.60012559
7.95,-32.03272769,24.47499995,-0.09290676
7.96,-33.57158974,23.11612107,-1.78496242
7.97,-34.99959964,21.96710061,-3.45435684
7.98,-36.25301146,21.08533710,-5.07969427
7.99,-37.26920259,20.50506474,-6.64014308
8.00,-37.98926009,20.23516697,-8.11570374
8.01,-38.36044555,20.25868343,-9.48746618
8.02,-38.33843858,20.53404292,-10.73785305
8.03,-37.88926750,20.99794034,-11.85084585
8.04,-36.99084861,21.56966685,-12.81219091
8.05,-35.63407100,22.15660653,-13.60958266
8.06,-33.82338208,22.66053530,-14.23282173
8.07,-31.57684917,22.98430497,-14.67394597
8.08,-28.92569352,23.03846966,-14.92733250
8.09,-25.91331446,22.74741588,-14.98976973
8.10,-22.59384165,22.05459005,-14.86049814
8.11,-19.03027269,20.92647739,-14.54121960
8.12,-15.29226982,19.35506839,-14.03607487
8.13,-11.45370312,17.35864936,-13.35158969
8.14,-7.59003804,14.98086424,-12.49659018
8.15,-3.77567078,12.28810945,-11.48208858
8.16,-0.08131771,9.36543348,-10.32114086
8.17,3.42843784,6.31121185,-9.02867810
8.18,6.69734413,3.23094919,-7.62131367
8.19,9.67933816,0.23061733,-6.11712889
8.20,12.33998844,-2.59003083,-4.53543980
8.21,14.65746742,-5.14373064,-2.89654822
8.22,16.62301625,-7.36114497,-1.22148008
8.23,18.24088555,-9.19511521,0.46828530
8.24,19.52775666,-10.62344471,2.15109176
8.25,20.51166911,-11.65003232,3.80538486
8.26,21.23049971,-12.30428324,5.40998908
8.27,21.73005702,-12.63883798,6.94437989
8.28,22.06186996,-12.72577183,8.38894729
8.29,22.28076220,-12.65151795,9.72524741
8.30,22.44231182,-12.51085149,10.93623891
8.31,22.60030081,-12.40033434,12.00650112
8.32,22.80425873,-12.41165480,12.92243114
8.33,23.09720138,-12.62530380,13.67241745
8.34,23.51365669,-13.10500617,14.24698760
8.35,24.07805875,-13.89327535,14.63892831
8.36,24.80357556,-15.00838537,14.84337637
8.37,25.69141844,-16.44295977,14.85787911
8.38,26.73066134,-18.16427009,14.68242384
8.39,27.89857764,-20.11622346,14.31943580
8.40,29.16148089,-22.22290683,13.77374465
8.41,30.47603535,-24.39345284,13.05252010
8.42,31.79098331,-26.52790489,12.16517743
8.43,33.04921906,-28.52369325,11.12325412
8.44,34.19012534,-30.28229394,9.94025933
8.45,35.15207736,-31.71563043,8.63149809
8.46,35.87501295,-32.75179560,7.21387261
8.47,36.30296426,-33.33971681,5.70566313
8.48,36.38644839,-33.45245702,4.12629136
8.49,36.08461967,-33.08893556,2.49606944
8.50,35.36709621,-32.27395664,0.83593770
8.51,34.21538628,-31.05654579,-0.83280530
8.52,32.62385637,-29.50670622,-2.48877704
8.53,30.60020116,-27.71081121,-4.11078609
8.54,28.16539581,-25.76593875,-5.67810429
8.55,25.35313164,-23.77352393,-7.17073264
8.56,22.20875744,-21.83274910,-8.56965745
8.57,18.78776800,-20.03410895,-9.85709344
8.58,15.15390009,-18.45357474,-11.01671069
8.59,11.37691153,-17.14774242,-12.03384253
8.60,7.53013178,-16.15028324,-12.89567170
8.61,3.68788148,-15.46992896,-13.59139246
8.62,-0.07713650,-15.09012211,-14.11234647
8.63,-3.69637095,-14.97035114,-14.45213091
8.64,-7.10778095,-15.04907910,-14.60667730
8.65,-10.25792597,-15.24806910,-14.57430021
8.66,-13.10370565,-15.47781776,-14.35571509
8.67,-15.61368131,-15.64373512,-13.95402528
8.68,-17.76892848,-15.65266042,-13.37467818
8.69,-19.56338869,-15.41928203,-12.62539138
8.70,-21.00370910,-14.87203630,-11.71604959
8.71,-22.10857906,-13.95809572,-10.65857393
8.72,-22.90759306,-12.64711728,-9.46676515
8.73,-23.43968872,-10.93350451,-8.15612293
8.74,-23.75122505,-8.83703548,-6.74364364
8.75,-23.89378113,-6.40181709,-5.24759915
8.76,-23.92176591,-3.69363674,-3.68729967
8.77,-23.88993763,-0.79588839,-2.08284357
8.78,-23.85093434,2.19565627,-0.45485763
8.79,-23.85291668,5.17888495,1.17576914
8.80,-23.93741884,8.05179064,2.78815444
8.81,-24.13749523,10.71890077,4.36169111
8.82,-24.47623789,13.09726571,5.87631143
8.83,-24.96572465,15.12161308,7.31274394
8.84,-25.60644024,16.74832968,8.65275955
8.85,-26.38719320,17.95801160,9.87940362
8.86,-27.28553146,18.75641764,10.97721130
8.87,-28.26863882,19.17376747,11.93240308
8.88,-29.29467537,19.26243514,12.73305831
8.89,-30.31450662,19.09319463,13.36926443
8.90,-31.27375062,18.75026930,13.83323995
8.91,-32.11505925,18.32551577,14.11942979
8.92,-32.78054082,17.91212897,14.22457165
8.93,-33.21422509,17.59828600,14.14773287
8.94,-33.36447047,17.46114943,13.89031700
8.95,-33.18621557,17.56162592,13.45604045
8.96,-32.64298346,17.94022523,12.85087932
8.97,-31.70855742,18.61429103,12.08298731
8.98,-30.36826009,19.57678365,11.16258572
8.99,-28.61978391,20.79669183,10.10182718
9.00,-26.47353936,22.22104278,8.91463476
9.01,-23.95250642,23.77837398,7.61651876
9.02,-21.09159502,25.38343427,6.22437339
9.03,-17.93654002,26.94280057,4.75625633
9.04,-14.54237477,28.36103723,3.23115363
9.05,-10.97154429,29.54698982,1.66873348
9.06,-7.29173328,30.41979724,0.08909166
9.07,-3.57349586,30.91422581,-1.48750776
9.08,0.11221887,30.98497458,-3.04089326
9.09,3.69654692,30.60967018,-4.55124479
9.10,7.11509697,29.79035654,-5.99934754
9.11,10.31015108,28.55338481,-7.36683712
9.12,13.23259208,26.94771490,-8.63643330
9.13,15.84348244,25.04174460,-9.79215896
9.14,18.11523360,22.91887938,-10.81954182
9.15,20.03232160,20.67213842,-11.70579616
9.16,21.59152302,18.39815532,-12.43998230
9.17,22.80166486,16.19097072,-13.01314193
9.18,23.68290138,14.13602685,-13.41840749
9.19,24.26555020,12.30475920,-13.65108434
9.20,24.58853725,10.75014017,-13.70870474
9.21,24.69751606,9.50346537,-13.59105295
9.22,24.64273952,8.57259033,-13.30016136
9.23,24.47677203,7.94172901,-12.84027758
9.24,24.25213608,7.57282176,-12.21780319
9.25,24.01898937,7.40837697,-11.44120495
9.26,23.82292720,7.37559310,-10.52089965
9.27,23.70299926,7.39148442,-9.46911427
9.28,23.69002073,7.36866761,-8.29972322
9.29,23.80524584,7.22142436,-7.02806494
9.30,24.05945646,6.87163778,-5.67074021
9.31,24.45250162,6.25421002,-4.24539479
9.32,24.97330540,5.32160424,-2.77048948
9.33,25.60034130,4.04721279,-1.26506022
9.34,26.30255245,2.42733209,0.25152828
9.35,27.04067889,0.48161755,1.75983240
9.36,27.76893665,-1.74800753,3.24057961
9.37,28.43697939,-4.19991282,4.67491552
9.38,28.99206181,-6.79661837,6.04464462
9.39,29.38131617,-9.44969053,7.33246179
9.40,29.55404911,-12.06535031,8.52217156
9.41,29.46396475,-14.55042257,9.59889229
9.42,29.07122397,-16.81823255,10.54924278
9.43,28.34425603,-18.79406177,11.36150890
9.44,27.26124919,-20.41980521,12.02578822
9.45,25.81125998,-21.65752582,12.53411073
9.46,23.99489647,-22.49167649,12.88053434
9.47,21.82454789,-22.92984799,13.06121391
9.48,19.32415170,-23.00199957,13.07444307
9.49,16.52850740,-22.75822899,12.92066826
9.50,13.48216502,-22.26523512,12.60247522
9.51,10.23793296,-21.60171184,12.12454775
9.52,6.85506514,-20.85298170,11.49359983
9.53,3.39720013,-20.10522680,10.71828175
9.54,-0.06986541,-19.43969960,9.80906173
9.55,-3.48048022,-18.92729608,8.77808454
9.56,-6.77142734,-18.62384833,7.63900914
9.57,-9.88410787,-18.56644485,6.40682743
9.58,-12.76653364,-18.77101741,5.09766655
9.59,-15.37505064,-19.23134909,3.72857731
9.60,-17.67572663,-19.91956334,2.31731164
9.61,-19.64534965,-20.78805604,0.88209177
9.62,-21.27200038,-21.77273703,-0.55862561
9.63,-22.55517845,-22.79736215,-1.98638735
9.64,-23.50548076,-23.77866495,-3.38298078
9.65,-24.14384807,-24.63194616,-4.73066667
9.66,-24.50041333,-25.27674972,-6.01240511
9.67,-24.61300091,-25.64225017,-7.21207147
9.68,-24.52534004,-25.67199647,-8.31465971
9.69,-24.28506665,-25.32770159,-9.30647046
9.70,-23.94159609,-24.59183107,-10.17528150
9.71,-23.54395398,-23.46882431,-10.91049852
9.72,-23.13865348,-21.98487319,-11.50328433
9.73,-22.76770527,-20.18627801,-11.94666485
9.74,-22.46684028,-18.13649489,-12.23561077
9.75,-22.26401653,-15.91207416,-12.36709374
9.76,-22.17826929,-13.59776212,-12.34011666
9.77,-22.21894961,-11.28109207,-12.15571765
9.78,-22.38538049,-9.04682329,-11.81694784
9.79,-22.66694246,-6.97159465,-11.32882335
9.80,-23.04358319,-5.11914402,-10.69825222
9.81,-23.48672837,-3.53640565,-9.93393726
9.82,-23.96055495,-2.25073828,-9.04625634
9.83,-24.42357322,-1.26846109,-8.04712161
9.84,-24.83045189,-0.57478722,-6.94981955
9.85,-25.13401086,-0.13515225,-5.76883423
9.86,-25.28729950,0.10215736,-4.51965576
9.87,-25.24567549,0.20225604,-3.21857687
9.88,-24.96879923,0.23904442,-1.88247994
9.89,-24.42246280,0.29003756,-0.52861754
9.90,-23.58017919,0.43098082,0.82561086
9.91,-22.42446754,0.73061029,2.16288293
9.92,-20.94778290,1.24590389,3.46617558
9.93,-19.15305302,2.01813476,4.71898207
9.94,-17.05380118,3.06998436,5.90552153
9.95,-14.67385052,4.40390160,7.01093807
9.96,-12.04662236,6.00181081,8.02148708
9.97,-9.21405714,7.82618221,8.92470631
9.98,-6.22520193,9.82238826,9.70956968
9.99,-3.13452136,11.92218484,10.36662177
10.00,0.00000000,14.04808270,10.88809155
10.01,3.11888787,16.11831696,11.26798381
10.02,6.16326014,18.05208447,11.50214734
10.03,9.07687770,19.77470266,11.58831900
10.04,11.80808326,21.22235033,11.52614336
10.05,14.31155186,22.34608030,11.31716763
10.06,16.54978519,23.11484313,10.96481217
10.07,18.49429174,23.51732797,10.47431707
10.08,20.12640859,23.56250527,9.85266554
10.09,21.43773450,23.27884253,9.10848538
10.10,22.43016028,22.71225193,8.25192967
10.11,23.11549832,21.92291189,7.29453854
10.12,23.51472956,20.98117822,6.24908380
10.13,23.65690109,19.96285945,5.12939853
10.14,23.57772178,18.94417134,3.95019395
10.15,23.31791486,17.99670518,2.72686585
10.16,22.92139603,17.18274143,1.47529339
10.17,22.43335203,16.55121619,0.21163265
10.18,21.89829839,16.13460272,-1.04789225
10.19,21.35819510,15.94690863,-2.28719778
10.20,20.85069632,15.98291470,-3.49054674
10.21,20.40760415,16.21869846,-4.64274834
10.22,20.05358797,16.61340067,-5.72935023
10.23,19.80521943,17.11211111,-6.73682001
10.24,19.67036028,17.64967671,-7.65271384
10.25,19.64792563,18.15517542,-8.46583017
10.26,19.72802980,18.55675650,-9.16634662
10.27,19.89250636,18.78652551,-9.74593835
10.28,20.11577896,18.78515097,-10.19787657
10.29,20.36604506,18.50588997,-10.51710587
10.30,20.60672273,17.91776972,-10.70029969
10.31,20.79809966,17.00771968,-10.74589319
10.32,20.89911619,15.78151862,-10.65409327
10.33,20.86920851,14.26350058,-10.42686579
10.34,20.67013672,12.49504538,-10.06790019
10.35,20.26772277,10.53195963,-9.58255220
10.36,19.63342788,8.44092664,-8.97776539
10.37,18.74570543,6.29526400,-8.26197284
10.38,17.59107501,4.17027203,-7.44498013
10.39,16.16487456,2.13848144,-6.53783145
10.40,14.47166097,0.26511342,-5.55266054
10.41,12.52524374,-1.39595041,-4.50252844
10.42,10.34835104,-2.80542615,-3.40125042
10.43,7.97194260,-3.94090449,-2.26321407
10.44,5.43419773,-4.79800267,-1.10319125
10.45,2.77921991,-5.39032310,0.06385382
10.46,0.05551042,-5.74822923,1.22295781
10.47,-2.68572739,-5.91652737,2.35935030
10.48,-5.39238523,-5.95121457,3.45864217
10.49,-8.01327659,-5.91551344,4.50700797
10.50,-10.49992068,-5.87546035,5.49135983
10.51,-12.80821307,-5.89534134,6.39951098
10.52,-14.89991782,-6.03327817,7.22032645
10.53,-16.74392300,-6.33725531,7.94385954
10.54,-18.31721193,-6.84184749,8.56147196
10.55,-19.60551355,-7.56585977,9.06593653
10.56,-20.60360891,-8.51103061,9.45152106
10.57,-21.31528456,-9.66187695,9.71405240
10.58,-21.75293776,-10.98668497,9.85096016
10.59,-21.93685245,-12.43957417,9.86129945
10.60,-21.89417808,-13.96349217,9.74575261
10.61,-21.65765492,-15.49393726,9.50661001
10.62,-21.26413949,-16.96315879,9.14773028
10.63,-20.75299118,-18.30455562,8.67448064
10.64,-20.16438661,-19.45698167,8.09365824
10.65,-19.53763016,-20.36867538,7.41339357
10.66,-18.90952921,-21.00055673,6.64303743
10.67,-18.31289916,-21.32867861,5.79303288
10.68,-17.77525764,-21.34567656,4.87477404
10.69,-17.31775934,-21.06112805,3.90045358
10.70,-16.95441241,-20.50080470,2.88290094
10.71,-16.69160619,-19.70487406,1.83541343
10.72,-16.52796663,-18.72517650,0.77158249
10.73,-16.45454270,-17.62176266,-0.29488272
10.74,-16.45531368,-16.45892463,-1.35033203
10.75,-16.50799388,-15.30098559,-2.38134900
10.76,-16.58509995,-14.20812689,-3.37492153
10.77,-16.65523510,-13.23252716,-4.31860608
10.78,-16.68453620,-12.41506531,-5.20068340
10.79,-16.63822359,-11.78280081,-6.01030400
10.80,-16.48218942,-11.34739133,-6.73762134
10.81,-16.18455928,-11.10454536,-7.37391124
10.82,-15.71716342,-11.03453820,-7.91167605
10.83,-15.05685777,-11.10374946,-8.34473231
10.84,-14.18664154,-11.26711305,-8.66828088
10.85,-13.09652659,-11.47131144,-8.87895885
10.86,-11.78412421,-11.65849770,-8.97487252
10.87,-10.25492639,-11.77029585,-8.95561137
10.88,-8.52227125,-11.75181328,-8.82224278
10.89,-6.60699510,-11.55540009,-8.57728784
10.90,-4.53678613,-11.14390891,-8.22467858
10.91,-2.34526668,-10.49324315,-7.76969746
10.92,-0.07084194,-9.59403037,-7.21889982
10.93,2.24463820,-8.45231614,-6.58002065
10.94,4.55734984,-7.08923904,-5.86186674
10.95,6.82303944,-5.53971515,-5.07419596
10.96,8.99857999,-3.85022512,-4.22758507
10.97,11.04347741,-2.07585581,-3.33328803
10.98,12.92126780,-0.27679606,-2.40308668
10.99,14.60075107,1.48547883,-1.44913564
11.00,16.05701330,3.15208091,-0.48380362
11.01,17.27219915,4.67038653,0.48048686
11.02,18.23600592,5.99727610,1.43141926
11.03,18.94588192,7.10172714,2.35694025
11.04,19.40692441,7.96659487,3.24541238
11.05,19.63148384,8.58946996,4.08576030
11.06,19.63849313,8.98256406,4.86760856
11.07,19.45255163,9.17163870,5.58140950
11.08,19.10280288,9.19405581,6.21855941
11.09,18.62165323,9.09608538,6.77150178
11.10,18.04338449,8.92965382,7.23381622
11.11,17.40271736,8.74875198,7.60029213
11.12,16.73338409,8.60574240,7.86698627
11.13,16.06676771,8.54781035,8.03126357
11.14,15.43066215,8.61379157,8.09182080
11.15,14.84820209,8.83158329,8.04869300
11.16,14.33700406,9.21630459,7.90324257
11.17,13.90855155,9.76932190,7.65813144
11.18,13.56784649,10.47819713,7.31727676
11.19,13.31333880,11.31755489,6.88579074
11.20,13.13713400,12.25080438,6.36990567
11.21,13.02546780,13.23259603,5.77688513
11.22,12.95942590,14.21184515,5.11492256
11.23,12.91587727,15.13511890,4.39302882
11.24,12.86858091,15.95016061,3.62091001
11.25,12.78941942,16.60931808,2.80883742
11.26,12.64970773,17.07265066,1.96751120
11.27,12.42152289,17.31051296,1.10791964
11.28,12.07900027,17.30544900,0.24119590
11.29,11.59954329,17.05327753,-0.62152603
11.30,10.96489763,16.56330329,-1.46925414
11.31,10.16204697,15.85764729,-2.29127825
11.32,9.18389440,14.96974707,-3.07730513
11.33,8.02970297,13.94213245,-3.81758709
11.34,6.70527858,12.82362873,-4.50304256
11.35,5.22288887,11.66617616,-5.12536708
11.36,3.60092261,10.52147800,-5.67713341
11.37,1.86330448,9.43769885,-6.15187952
11.38,0.03868982,8.45643027,-6.54418342
11.39,-1.84052741,7.61012064,-6.84972409
11.40,-3.73935278,6.92013438,-7.06532763
11.41,-5.62142953,6.39556270,-7.18899833
11.42,-7.45032705,6.03285729,-7.21993440
11.43,-9.19082790,5.81630387,-7.15852812
11.44,-10.81016278,5.71929662,-7.00635069
11.45,-12.27914455,5.70632237,-6.76612205
11.46,-13.57315745,5.73551735,-6.44166624
11.47,-14.67296350,5.76162259,-6.03785282
11.48,-15.56529585,5.73913951,-5.56052554
11.49,-16.24321745,5.62547556,-5.01641892
11.50,-16.70623332,5.38387232,-4.41306422
11.51,-16.96015428,4.98592463,-3.75868593
11.52,-17.01672031,4.41352780,-3.06209027
11.53,-16.89300107,3.66012917,-2.33254716
11.54,-16.61059982,2.73120717,-1.57966727
11.55,-16.19469495,1.64395260,-0.81327575
11.56,-15.67295898,0.42617958,-0.04328433
11.57,-15.07439994,-0.88545567,0.72043655
11.58,-14.42817231,-2.24780537,1.46818406
11.59,-13.76240568,-3.61399061,2.19054589
11.60,-13.10309800,-4.93638660,2.87851841
11.61,-12.47311723,-6.16963465,3.52361855
11.62,-11.89135031,-7.27348258,4.11798796
11.63,-11.37203218,-8.21526844,4.65448820
11.64,-10.92427982,-8.97188754,5.12678587
11.65,-10.55184789,-9.53111816,5.52942658
11.66,-10.25311322,-9.89222483,5.85789700
11.67,-10.02128627,-10.06580617,6.10867422
11.68,-9.84483847,-10.07290442,6.27926200
11.69,-9.70812551,-9.94344237,6.36821339
11.70,-9.59217918,-9.71409676,6.37513976
11.71,-9.47563365,-9.42575374,6.30070609
11.72,-9.33574683,-9.12071774,6.14661281
11.73,-9.14947425,-8.83986012,5.91556443
11.74,-8.89455075,-8.61989592,5.61122562
11.75,-8.55053581,-8.49096690,5.23816532
11.76,-8.09977977,-8.47468739,4.80178979
11.77,-7.52827200,-8.58277722,4.30826544
11.78,-6.82633725,-8.81636632,3.76443268
11.79,-5.98915256,-9.16601060,3.17771191
11.80,-5.01706490,-9.61241113,2.55600286
11.81,-3.91569770,-10.12778290,1.90757885
11.82,-2.69584325,-10.67777657,1.24097705
11.83,-1.37314636,-11.22382153,0.56488660
11.84,0.03240666,-11.72573178,-0.11196434
11.85,1.49717209,-12.14440040,-0.78092089
11.86,2.99467767,-12.44440430,-1.43351175
11.87,4.49656195,-12.59634821,-2.06155611
11.88,5.97358626,-12.57879608,-2.65726578
11.89,7.39667822,-12.37966628,-3.21334134
11.90,8.73796544,-11.99700363,-3.72306103
11.91,9.97175811,-11.43908333,-4.18036141
11.92,11.07544227,-10.72384588,-4.57990879
11.93,12.03024903,-9.87770651,-4.91716050
11.94,12.82187044,-8.93382321,-5.18841555
11.95,13.44089911,-7.92994231,-5.39085385
11.96,13.88307604,-6.90596714,-5.52256378
11.97,14.14933876,-5.90141236,-5.58255786
11.98,14.24567015,-4.95291209,-5.57077629
11.99,14.18275606,-4.09194515,-5.48807864
12.00,13.97546777,-3.34292454,-5.33622375
12.01,13.64219165,-2.72177294,-5.11783827
12.02,13.20403484,-2.23507290,-4.83637437
12.03,12.68393995,-1.87984142,-4.49605731
12.04,12.10574540,-1.64393728,-4.10182347
12.05,11.49322947,-1.50706754,-3.65925005
12.06,10.86917683,-1.44232058,-3.17447702
12.07,10.25450431,-1.41811911,-2.65412281
12.08,9.66748064,-1.40045998,-2.10519457
12.09,9.12306993,-1.35529016,-1.53499442
12.10,8.63242411,-1.25086058,-0.95102278
12.11,8.20254245,-1.05990302,-0.36088022
12.12,7.83611019,-0.76148790,0.22783109
12.13,7.53152004,-0.34244391,0.80760483
12.14,7.28307367,0.20175010,1.37112587
12.15,7.08135257,0.86665442,1.91136212
12.16,6.91374103,1.63915377,2.42165176
12.17,6.76507816,2.49831416,2.89578495
12.18,6.61841067,3.41674904,3.32807876
12.19,6.45581452,4.36240003,3.71344459
12.20,6.25925104,5.30061092,4.04744734
12.21,6.01142192,6.19635561,4.32635546
12.22,5.69658825,7.01647198,4.54718149
12.23,5.30132012,7.73175481,4.70771262
12.24,4.81514687,8.31877167,4.80653099
12.25,4.23108200,8.76128530,4.84302349
12.26,3.54600246,9.05119310,4.81738125
12.27,2.76086781,9.18892720,4.73058866
12.28,1.88077151,9.18329453,4.58440240
12.29,0.91482339,9.05077330,4.38132074
12.30,-0.12413070,8.81431818,4.12454365
12.31,-1.21993984,8.50175795,3.81792431
12.32,-2.35371099,8.14389547,3.46591272
12.33,-3.50448060,7.77243813,3.07349227
12.34,-4.64996718,7.41789681,2.64611016
12.35,-5.76737410,7.10759190,2.18960250
12.36,-6.83421032,6.86389636,1.71011536
12.37,-7.82909631,6.70282882,1.21402259
12.38,-8.73252307,6.63308540,0.70784158
12.39,-9.52753485,6.65556914,0.19814819
12.40,-10.20030907,6.76344246,-0.30850824
12.41,-10.74061151,6.94269337,-0.80568859
12.42,-11.14211017,7.17317235,-1.28714533
12.43,-11.40253674,7.43002653,-1.74690057
12.44,-11.52369119,7.68543202,-2.17931971
12.45,-11.51129100,7.91050719,-2.57917998
12.46,-11.37467286,8.07727858,-2.94173289
12.47,-11.12636068,8.16056944,-3.26275986
12.48,-10.78151850,8.13968716,-3.53862051
12.49,-10.35731174,7.99980059,-3.76629289
12.50,-9.87220331,7.73291977,-3.94340544
12.51,-9.34521351,7.33841785,-4.06826010
12.52,-8.79517373,6.82306555,-4.13984664
12.53,-8.24000388,6.20058116,-4.15784790
12.54,-7.69604199,5.49073084,-4.12263611
12.55,-7.17745228,4.71804302,-4.03526039
12.56,-6.69573415,3.91022575,-3.89742568
12.57,-6.25935041,3.09639396,-3.71146348
12.58,-5.87348812,2.30522524,-3.48029490
12.59,-5.53995957,1.56316598,-3.20738652
12.60,-5.25724553,0.89280496,-2.89669975
12.61,-5.02067688,0.31151920,-2.55263440
12.62,-4.82274538,-0.16952213,-2.17996726
12.63,-4.65352900,-0.54593472,-1.78378660
12.64,-4.50121305,-0.82024409,-1.36942327
12.65,-4.35268440,-1.00155572,-0.94237962
12.66,-4.19417365,-1.10479760,-0.50825697
12.67,-4.01191831,-1.14959023,-0.07268260
12.68,-3.79281951,-1.15882278,0.35876265
12.69,-3.52506543,-1.15703296,0.78061547
12.70,-3.19869624,-1.16869948,1.18759872
12.71,-2.80608796,-1.21656078,1.57468697
12.72,-2.34233615,-1.32007046,1.93716802
12.73,-1.80552483,-1.49408968,2.27069966
12.74,-1.19687044,-1.74789985,2.57136101
12.75,-0.52073628,-2.08459718,2.83569791
12.76,0.21548239,-2.50090438,3.06076168
12.77,1.00159653,-2.98740727,3.24414106
12.78,1.82497460,-3.52919580,3.38398672
12.79,2.67099146,-4.10686279,3.47902841
12.80,3.52355634,-4.69779036,3.52858432
12.81,4.36569802,-5.27763633,3.53256294
12.82,5.18018322,-5.82192040,3.49145712
12.83,5.95014333,-6.30760470,3.40633088
12.84,6.65968444,-6.71456489,3.27879889
12.85,7.29445656,-7.02685632,3.11099921
12.86,7.84215985,-7.23369457,2.90555961
12.87,8.29296838,-7.33008920,2.66555796
12.88,8.63985564,-7.31709328,2.39447739
12.89,8.87880988,-7.20165680,2.09615671
12.90,9.00893212,-6.99609843,1.77473690
12.91,9.03241430,-6.71723494,1.43460438
12.92,8.95439999,-6.38522957,1.08033171
12.93,8.78273463,-6.02223843,0.71661679
12.94,8.52761661,-5.65094640,0.34822102
12.95,8.20116447,-5.29308995,-0.02009250
12.96,7.81691842,-4.96806414,-0.38362006
12.97,7.38929700,-4.69170430,-0.73777697
12.98,6.93303103,-4.47532008,-1.07815482
12.99,6.46259777,-4.32504228,-1.40057590
13.00,5.99167779,-4.24152142,-1.70114392
13.01,5.53265592,-4.21999318,-1.97629045
13.02,5.09618544,-4.25070197,-2.22281668
13.03,4.69083210,-4.31964989,-2.43792982
13.04,4.32281088,-4.40961778,-2.61927388
13.05,3.99582464,-4.50138765,-2.76495442
13.06,3.71100959,-4.57508317,-2.87355715
13.07,3.46698796,-4.61153877,-2.94415997
13.08,3.26002419,-4.59360635,-2.97633872
13.09,3.08427658,-4.50731463,-2.97016632
13.10,2.93213277,-4.34280627,-2.92620558
13.11,2.79461403,-4.09499386,-2.84549587
13.12,2.66183091,-3.76389497,-2.72953371
13.13,2.52347091,-3.35462806,-2.58024784
13.14,2.36929762,-2.87707361,-2.39996900
13.15,2.18964085,-2.34522673,-2.19139495
13.16,1.97585775,-1.77628769,-1.95755120
13.17,1.72074625,-1.18955312,-1.70174802
13.18,1.41889458,-0.60518321,-1.42753439
13.19,1.06695311,-0.04292738,-1.13864943
13.20,0.66381833,0.47910753,-0.83897200
13.21,0.21072233,0.94556620,-0.53246919
13.22,-0.28877505,1.34475990,-0.22314429
13.23,-0.82889002,1.66933007,0.08501500
13.24,-1.40180947,1.91662020,0.38808748
13.25,-1.99796786,2.08873570,0.68226791
13.26,-2.60639435,2.19229169,0.96391427
13.27,-3.21511547,2.23786985,1.22959234
13.28,-3.81159680,2.23922364,1.47611707
13.29,-4.38320552,2.21228784,1.70059014
13.30,-4.91767513,2.17406000,1.90043336
13.31,-5.40355377,2.14142915,2.07341761
13.32,-5.83061857,2.13002972,2.21768675
13.33,-6.19023979,2.15319554,2.33177663
13.34,-6.47568100,2.22108165,2.41462860
13.35,-6.68232395,2.34000937,2.46559782
13.36,-6.80781031,2.51207491,2.48445602
13.37,-6.85209563,2.73504368,2.47138891
13.38,-6.81741442,3.00253365,2.42698834
13.39,-6.70815899,3.30447175,2.35223928
13.40,-6.53067801,3.62778981,2.24850200
13.41,-6.29300382,3.95731106,2.11748958
13.42,-6.00452036,4.27676633,1.96124125
13.43,-5.67558567,4.56987149,1.78209187
13.44,-5.31712470,4.82139441,1.58263806
13.45,-4.94020888,5.01814143,1.36570132
13.46,-4.55563957,5.14979953,1.13428889
13.47,-4.17355162,5.20958076,0.89155265
13.48,-3.80305273,5.19462916,0.64074676
13.49,-3.45191223,5.10616663,0.38518454
13.50,-3.12631094,4.94937155,0.12819520
13.51,-2.83066112,4.73300166,-0.12691910
13.52,-2.56750239,4.46878950,-0.37692518
13.53,-2.33747674,4.17065306,-0.61869941
13.54,-2.13938197,3.85377588,-0.84926622
13.55,-1.97030033,3.53361887,-1.06583426
13.56,-1.82579565,3.22492952,-1.26582966
13.57,-1.70016998,2.94081357,-1.44692605
13.58,-1.58676816,2.69192918,-1.60707101
13.59,-1.47831722,2.48585466,-1.74450857
13.60,-1.36728620,2.32666890,-1.85779765
13.61,-1.24625119,2.21476892,-1.94582623
13.62,-1.10825085,2.14693311,-2.00782099
13.63,-0.94711764,2.11662249,-2.04335256
13.64,-0.75777180,2.11449666,-2.05233624
13.65,-0.53646630,2.12910750,-2.03502828
13.66,-0.28097345,2.14772230,-1.99201786
13.67,0.00929376,2.15722036,-1.92421486
13.68,0.33322983,2.14500289,-1.83283369
13.69,0.68805580,2.09985607,-1.71937349
13.70,1.06940751,2.01271124,-1.58559489
13.71,1.47148882,1.87725326,-1.43349373
13.72,1.88728296,1.69033935,-1.26527218
13.73,2.30881268,1.45220325,-1.08330757
13.74,2.72743845,1.16643428,-0.89011944
13.75,3.13418202,0.83973566,-0.68833521
13.76,3.52006242,0.48148102,-0.48065496
13.77,3.87643053,0.10310099,-0.26981576
13.78,4.19528905,-0.28265760,-0.05855605
13.79,4.46958519,-0.66254935,0.15041946
13.80,4.69346483,-1.02367030,0.35447406
13.81,4.86247843,-1.35426465,0.55107181
13.82,4.97373115,-1.64444589,0.73780867
13.83,5.02597195,-1.88678637,0.91244139
13.84,5.01961893,-2.07673829,1.07291398
13.85,4.95672076,-2.21286121,1.21738139
13.86,4.84085660,-2.29684391,1.34423009
13.87,4.67697938,-2.33332215,1.45209544
13.88,4.47120942,-2.32950741,1.53987559
13.89,4.23058732,-2.29465377,1.60674175
13.90,3.96279656,-2.23940032,1.65214491
13.91,3.67586717,-2.17503421,1.67581874
13.92,3.37787260,-2.11272394,1.67777895
13.93,3.07663182,-2.06277365,1.65831892
13.94,2.77942851,-2.03394728,1.61800188
13.95,2.49275803,-2.03290575,1.55764974
13.96,2.22211187,-2.06379271,1.47832877
13.97,1.97180747,-2.12799372,1.38133228
13.98,1.74486929,-2.22408225,1.26816075
13.99,1.54296509,-2.34795310,1.14049949
14.00,1.36639889,-2.49313190,1.00019430
14.01,1.21415974,-2.65123750,0.84922544
14.02,1.08402352,-2.81256469,0.68968023
14.03,0.97270245,-2.96674716,0.52372469
14.04,0.87603556,-3.10345583,0.35357461
14.05,0.78921147,-3.21308608,0.18146635
14.06,0.70701402,-3.28738896,0.00962791
14.07,0.62408018,-3.32000557,-0.15974956
14.08,0.53515955,-3.30687090,-0.32453928
14.09,0.43536484,-3.24646262,-0.48270517
14.10,0.32040311,-3.13988048,-0.63232658
14.11,0.18677867,-2.99075387,-0.77162119
14.12,0.03195971,-2.80498587,-0.89896578
14.13,-0.14549764,-2.59035315,-1.01291464
14.14,-0.34587241,-2.35598994,-1.11221545
14.15,-0.56825141,-2.11179189,-1.19582236
14.16,-0.81055204,-1.86777971,-1.26290632
14.17,-1.06959357,-1.63346532,-1.31286236
14.18,-1.34121357,-1.41726171,-1.34531402
14.19,-1.62042411,-1.22597459,-1.36011460
14.20,-1.90160094,-1.06440802,-1.35734558
14.21,-2.17869773,-0.93510777,-1.33731210
14.22,-2.44547636,-0.83825741,-1.30053558
14.23,-2.69574383,-0.77173119,-1.24774374
14.24,-2.92358620,-0.73129800,-1.17985809
14.25,-3.12359032,-0.71096035,-1.09797910
14.26,-3.29104452,-0.70340413,-1.00336939
14.27,-3.42211062,-0.70052767,-0.89743496
14.28,-3.51396079,-0.69401403,-0.78170501
14.29,-3.56487419,-0.67590835,-0.65781036
14.30,-3.57429017,-0.63916188,-0.52746100
14.31,-3.54281658,-0.57810766,-0.39242290
14.32,-3.47219331,-0.48883748,-0.25449452
14.33,-3.36521343,-0.36945676,-0.11548319
14.34,-3.22560536,-0.22020260,0.02281813
14.35,-3.05788162,-0.04341914,0.15865370
14.36,-2.86716050,0.15660581,0.29032689
14.37,-2.65896811,0.37393016,0.41622100
14.38,-2.43902913,0.60135201,0.53481879
14.39,-2.21305448,0.83088157,0.64472031
14.40,-1.98653455,1.05425856,0.74465905
14.41,-1.76454605,1.26348027,0.83351607
14.42,-1.55157977,1.45130561,0.91033199
14.43,-1.35139581,1.61170231,0.97431680
14.44,-1.16691145,1.74020909,1.02485728
14.45,-1.00012559,1.83419007,1.06152206
14.46,-0.85208188,1.89296675,1.08406429
14.47,-0.72287146,1.91782066,1.09242180
14.48,-0.61167431,1.91186872,1.08671503
14.49,-0.51683672,1.87982144,1.06724250
14.50,-0.43598119,1.82764179,1.03447416
14.51,-0.36614356,1.76212869,0.98904261
14.52,-0.30393131,1.69045368,0.93173238
14.53,-0.24569623,1.61968198,0.86346739
14.54,-0.18771405,1.55630955,0.78529693
14.55,-0.12636369,1.50584638,0.69838009
14.56,-0.05829875,1.47247245,0.60396919
14.57,0.01939573,1.45878794,0.50339215
14.58,0.10906717,1.46567231,0.39803430
14.59,0.21238561,1.49225994,0.28931962
14.60,0.33026386,1.53603179,0.17869189
14.61,0.46281073,1.59301523,0.06759582
14.62,0.60931860,1.65807716,-0.04254148
14.63,0.76828542,1.72528945,-0.15032849
14.64,0.93746979,1.78834167,-0.25442663
14.65,1.11397635,1.84097298,-0.35356644
14.66,1.29436768,1.87739465,-0.44656284
14.67,1.47479780,1.89267541,-0.53232888
14.68,1.65116158,1.88306500,-0.60988808
14.69,1.81925386,1.84623554,-0.67838514
14.70,1.97493173,1.78142627,-0.73709492
14.71,2.11427336,1.68948359,-0.78542955
14.72,2.23372719,1.57279554,-0.82294376
14.73,2.33024548,1.43512660,-0.84933817
14.74,2.40139724,1.28136536,-0.86446074
14.75,2.44545622,1.11720296,-0.86830627
14.76,2.46146090,0.94876440,-0.86101399
14.77,2.44924440,0.78221789,-0.84286342
14.78,2.40943365,0.62338790,-0.81426840
14.79,2.34341827,0.47739740,-0.77576954
14.80,2.25329084,0.34836212,-0.72802520
14.81,2.14176142,0.23915602,-0.67180101
14.82,2.01205004,0.15126202,-0.60795830
14.83,1.86776189,0.08471644,-0.53744141
14.84,1.71275026,0.03814901,-0.46126420
14.85,1.55097298,0.00891426,-0.38049586
14.86,1.38634812,-0.00669603,-0.29624627
14.87,1.22261461,-0.01317452,-0.20965107
14.88,1.06320324,-0.01547382,-0.12185664
14.89,0.91112296,-0.01865773,-0.03400526
14.90,0.76886658,-0.02755168,0.05277954
14.91,0.63833937,-0.04641535,0.13740700
14.92,0.52081281,-0.07865857,0.21883262
14.93,0.41690488,-0.12661854,0.29607073
14.94,0.32658708,-0.19141192,0.36820618
14.95,0.24921739,-0.27287018,0.43440479
14.96,0.18359723,-0.36956125,0.49392274
14.97,0.12804966,-0.47889439,0.54611452
14.98,0.08051528,-0.59730005,0.59043954
14.99,0.03866140,-0.72047176,0.62646724
15.00,-0.00000000,-0.84365294,0.65388072
15.01,-0.03799072,-0.96194916,0.67247887
15.02,-0.07774599,-1.07064488,0.68217691
15.03,-0.12150047,-1.16550384,0.68300548
15.04,-0.17118492,-1.24303365,0.67510826
15.05,-0.22833768,-1.30069785,0.65873815
15.06,-0.29403436,-1.33706240,0.63425211
15.07,-0.36883821,-1.35186823,0.60210482
15.08,-0.45277291,-1.34602619,0.56284108
15.09,-0.54531852,-1.32153627,0.51708730
15.10,-0.64543045,-1.28133757,0.46554202
15.11,-0.75158015,-1.22910012,0.40896566
15.12,-0.86181580,-1.16897320,0.34816975
15.13,-0.97383995,-1.10530744,0.28400552
15.14,-1.08510097,-1.04236931,0.21735239
15.15,-1.19289421,-0.98406699,0.14910611
15.16,-1.29446880,-0.93370520,0.08016702
15.17,-1.38713555,-0.89378465,0.01142841
15.18,-1.46837173,-0.86585848,-0.05623481
15.19,-1.53591851,-0.85045396,-0.12197702
15.20,-1.58786722,-0.84706345,-0.18499220
15.21,-1.62273121,-0.85420403,-0.24452359
15.22,-1.63950066,-0.86954051,-0.29987251
15.23,-1.63767830,-0.89006255,-0.35040628
15.24,-1.61729505,-0.91230352,-0.39556519
15.25,-1.57890520,-0.93258560,-0.43486836
15.26,-1.52356160,-0.94727480,-0.46791847
15.27,-1.45277224,-0.95302884,-0.49440543
15.28,-1.36844024,-0.94702169,-0.51410874
15.29,-1.27278981,-0.92713050,-0.52689872
15.30,-1.16828146,-0.89207323,-0.53273655
15.31,-1.05751990,-0.84148873,-0.53167316
15.32,-0.94315846,-0.77595523,-0.52384689
15.33,-0.82780380,-0.69694685,-0.50948021
15.34,-0.71392476,-0.60673218,-0.48887530
15.35,-0.60376871,-0.50822267,-0.46240875
15.36,-0.49928873,-0.40478148,-0.43052538
15.37,-0.40208411,-0.30000612,-0.39373129
15.38,-0.31335643,-0.19749960,-0.35258625
15.39,-0.23388234,-0.10064518,-0.30769555
15.40,-0.16400418,-0.01239952,-0.25970139
15.41,-0.10363795,0.06488268,-0.20927400
15.42,-0.05229830,0.12958159,-0.15710249
15.43,-0.00913902,0.18089478,-0.10388570
15.44,0.02699308,0.21886498,-0.05032301
15.45,0.05749306,0.24435219,0.00289460
15.46,0.08392469,0.25895314,0.05509327
15.47,0.10794220,0.26487419,0.10562463
15.48,0.13121035,0.26476711,0.15387358
15.49,0.15532590,0.26153904,0.19926564
15.50,0.18174400,0.25814971,0.24127351
15.51,0.21171203,0.25740937,0.27942303
15.52,0.24621373,0.26179082,0.31329820
15.53,0.28592554,0.27326746,0.34254551
15.54,0.33118682,0.29318772,0.36687728
15.55,0.38198482,0.32219317,0.38607414
15.56,0.43795482,0.36018519,0.39998657
15.57,0.49839517,0.40634120,0.40853550
15.58,0.56229628,0.45917866,0.41171205
15.59,0.62838230,0.51666161,0.40957631
15.60,0.69516343,0.57634215,0.40225525
15.61,0.76099665,0.63552669,0.38993990
15.62,0.82415230,0.69145574,0.37288165
15.63,0.88288363,0.74148523,0.35138790
15.64,0.93549654,0.78325729,0.32581707
15.65,0.98041669,0.81484954,0.29657306
15.66,1.01625128,0.83489355,0.26409914
15.67,1.04184313,0.84265520,0.22887162
15.68,1.05631504,0.83807240,0.19139302
15.69,1.05910271,0.82174847,0.15218519
15.70,1.04997526,0.79490246,0.11178220
15.71,1.02904250,0.75928052,0.07072330
15.72,0.99674913,0.71703470,0.02954586
15.73,0.95385606,0.67057794,-0.01122146
15.74,0.90141006,0.62242500,-0.05106533
15.75,0.84070293,0.57503018,-0.08949407
15.76,0.77322207,0.53063234,-0.12604353
15.77,0.70059463,0.49111743,-0.16028251
15.78,0.62452741,0.45790693,-0.19181768
15.79,0.54674505,0.43187932,-0.22029788
15.80,0.46892902,0.41332870,-0.24541784
15.81,0.39265964,0.40196290,-0.26692122
15.82,0.31936356,0.39694013,-0.28460292
15.83,0.25026842,0.39694118,-0.29831076
15.84,0.18636657,0.40027164,-0.30794641
15.85,0.12838890,0.40498683,-0.31346559
15.86,0.07678966,0.40903086,-0.31487761
15.87,0.03174261,0.41038032,-0.31224420
15.88,-0.00685156,0.40718305,-0.30567774
15.89,-0.03934718,0.39788306,-0.29533876
15.90,-0.06632586,0.38132359,-0.28143302
15.91,-0.08856036,0.35682191,-0.26420796
15.92,-0.10697177,0.32421159,-0.24394867
15.93,-0.12258183,0.28384996,-0.22097358
15.94,-0.13646259,0.23659109,-0.19562966
15.95,-0.14968518,0.18372652,-0.16828742
15.96,-0.16327023,0.12689842,-0.13933571
15.97,-0.17814151,0.06799123,-0.10917635
15.98,-0.19508491,0.00900951,-0.07821874
15.99,-0.21471414,-0.04805001,-0.04687444
16.00,-0.23744452,-0.10132347,-0.01555184
16.01,-0.26347572,-0.14919395,0.01534899
16.02,-0.29278394,-0.19038735,0.04544132
16.03,-0.32512376,-0.22404419,0.07435639
16.04,-0.36003934,-0.24976299,0.10174785
16.05,-0.39688439,-0.26761311,0.12729575
16.06,-0.43484977,-0.27811666,0.15071009
16.07,-0.47299779,-0.28220147,0.17173397
16.08,-0.51030132,-0.28112866,0.19014626
16.09,-0.54568634,-0.27640009,0.20576365
16.10,-0.57807595,-0.26965218,0.21844232
16.11,-0.60643413,-0.26254338,0.22807898
16.12,-0.62980750,-0.25664273,0.23461135
16.13,-0.64736336,-0.25332682,0.23801820
16.14,-0.65842260,-0.25369173,0.23831875
16.15,-0.66248616,-0.25848550,0.23557162
16.16,-0.65925427,-0.26806499,0.22987333
16.17,-0.64863758,-0.28237962,0.22135623
16.18,-0.63076008,-0.30098244,0.21018614
16.19,-0.60595368,-0.32306719,0.19655951
16.20,-0.57474494,-0.34752857,0.18070031
16.21,-0.53783450,-0.37304105,0.16285658
16.22,-0.49607023,-0.39815089,0.14329673
16.23,-0.45041530,-0.42137496,0.12230577
16.24,-0.40191234,-0.44129967,0.10018121
16.25,-0.35164548,-0.45667371,0.07722907
16.26,-0.30070152,-0.46648837,0.05375973
16.27,-0.25013198,-0.47004070,0.03008388
16.28,-0.20091732,-0.46697546,0.00650850
16.29,-0.15393493,-0.45730369,-0.01666695
16.30,-0.10993179,-0.44139708,-0.03915430
16.31,-0.06950300,-0.41995902,-0.06068006
16.32,-0.03307681,-0.39397466,-0.08098869
16.33,-0.00090651,-0.36464368,-0.09984549
16.34,0.02693052,-0.33330059,-0.11703916
16.35,0.05052679,-0.30132789,-0.13238408
16.36,0.07013222,-0.27006805,-0.14572215
16.37,0.08613564,-0.24073999,-0.15692421
16.38,0.09904143,-0.21436548,-0.16589116
16.39,0.10944206,-0.19171009,-0.17255459
16.40,0.11798803,-0.17324217,-0.17687702
16.41,0.12535625,-0.15911221,-0.17885173
16.42,0.13221834,-0.14915351,-0.17850224
16.43,0.13920999,-0.14290360,-0.17588136
16.44,0.14690280,-0.13964467,-0.17106990
16.45,0.15577946,-0.13845980,-0.16417507
16.46,0.16621336,-0.13830111,-0.15532854
16.47,0.17845337,-0.13806498,-0.14468424
16.48,0.19261413,-0.13666936,-0.13241592
16.49,0.20867240,-0.13312796,-0.11871452
16.50,0.22646921,-0.12661654,-0.10378532
16.51,0.24571778,-0.11652713,-0.08784507
16.52,0.26601678,-0.10250685,-0.07111890
16.53,0.28686814,-0.08447906,-0.05383728
16.54,0.30769875,-0.06264595,-0.03623297
16.55,0.32788499,-0.03747255,-0.01853795
16.56,0.34677910,-0.00965389,-0.00098048
16.57,0.36373626,0.01993252,0.01621777
16.58,0.37814127,0.05028514,0.03284441
16.59,0.38943376,0.08034404,0.04869888
16.60,0.39713094,0.10905899,0.06359476
16.61,0.40084701,0.13545573,0.07736185
16.62,0.40030852,0.15869601,0.08984805
16.63,0.39536517,0.17812752,0.10092092
16.64,0.38599554,0.19332087,0.11046892
16.65,0.37230786,0.20409127,0.11840245
16.66,0.35453570,0.21050394,0.12465450
16.67,0.33302884,0.21286314,0.12918107
16.68,0.30823990,0.21168607,0.13196117
16.69,0.28070720,0.20766341,0.13299669
16.70,0.25103470,0.20160965,0.13231180
16.71,0.21986981,0.19440643,0.12995224
16.72,0.18788000,0.18694300,0.12598419
16.73,0.15572919,0.18005752,0.12049306
16.74,0.12405476,0.17448317,0.11358193
16.75,0.09344620,0.17080254,0.10536985
16.76,0.06442612,0.16941292,0.09599000
16.77,0.03743430,0.17050469,0.08558762
16.78,0.01281541,0.17405391,0.07431795
16.79,-0.00918931,0.17982918,0.06234395
16.80,-0.02844603,0.18741218,0.04983412
16.81,-0.04492805,0.19623005,0.03696014
16.82,-0.05871137,0.20559740,0.02389464
16.83,-0.06996628,0.21476485,0.01080896
16.84,-0.07894551,0.22297084,-0.00212906
16.85,-0.08596952,0.22949322,-0.01475709
16.86,-0.09140945,0.23369722,-0.02692035
16.87,-0.09566864,0.23507679,-0.03847337
16.88,-0.09916345,0.23328662,-0.04928171
16.89,-0.10230405,0.22816307,-0.05922339
16.90,-0.10547620,0.21973279,-0.06819024
16.91,-0.10902448,0.20820874,-0.07608894
16.92,-0.11323778,0.19397419,-0.08284193
16.93,-0.11833759,0.17755592,-0.08838803
16.94,-0.12446932,0.15958867,-0.09268287
16.95,-0.13169719,0.14077333,-0.09569912
16.96,-0.14000262,0.12183177,-0.09742643
16.97,-0.14928620,0.10346123,-0.09787120
16.98,-0.15937303,0.08629149,-0.09705615
16.99,-0.17002122,0.07084722,-0.09501963
17.00,-0.18093299,0.05751819,-0.09181480
17.01,-0.19176807,0.04653891,-0.08750863
17.02,-0.20215857,0.03797884,-0.08218071
17.03,-0.21172492,0.03174365,-0.07592197
17.04,-0.22009201,0.02758713,-0.06883325
17.05,-0.22690500,0.02513273,-0.06102377
17.06,-0.23184411,0.02390311,-0.05260958
17.07,-0.23463781,0.02335560,-0.04371186
17.08,-0.23507399,0.02292106,-0.03445531
17.09,-0.23300851,0.02204357,-0.02496643
17.10,-0.22837107,0.02021828,-0.01537185
17.11,-0.22116805,0.01702500,-0.00579674
17.12,-0.21148227,0.01215541,0.00363680
17.13,-0.19946988,0.00543227,0.01281124
17.14,-0.18535438,-0.00318047,0.02161500
17.15,-0.16941816,-0.01357718,0.02994377
17.16,-0.15199192,-0.02551931,0.03770170
17.17,-0.13344249,-0.03865289,0.04480239
17.18,-0.11415940,-0.05253317,0.05116985
17.19,-0.09454098,-0.06665484,0.05673919
17.20,-0.07498035,-0.08048553,0.06145724
17.21,-0.05585198,-0.09350048,0.06528294
17.22,-0.03749927,-0.10521604,0.06818761
17.23,-0.02022361,-0.11521974,0.07015502
17.24,-0.00427541,-0.12319518,0.07118135
17.25,0.01015274,-0.12894009,0.07127492
17.26,0.02293044,-0.13237673,0.07045581
17.27,0.03399137,-0.13355381,0.06875538
17.28,0.04333255,-0.13264035,0.06621553
17.29,0.05101127,-0.12991176,0.06288801
17.30,0.05713967,-0.12572950,0.05883346
17.31,0.06187735,-0.12051548,0.05412045
17.32,0.06542242,-0.11472339,0.04882445
17.33,0.06800116,-0.10880847,0.04302665
17.34,0.06985709,-0.10319814,0.03681281
17.35,0.07123954,-0.09826508,0.03027206
17.36,0.07239246,-0.09430465,0.02349567
17.37,0.07354380,-0.09151793,0.01657581
17.38,0.07489586,-0.09000141,0.00960439
17.39,0.07661708,-0.08974383,0.00267183
17.40,0.07883543,-0.09063018,-0.00413401
17.41,0.08163373,-0.09245251,-0.01072897
17.42,0.08504699,-0.09492654,-0.01703350
17.43,0.08906191,-0.09771301,-0.02297366
17.44,0.09361830,-0.10044214,-0.02848188
17.45,0.09861267,-0.10273955,-0.03349770
17.46,0.10390338,-0.10425192,-0.03796840
17.47,0.10931746,-0.10467070,-0.04184945
17.48,0.11465853,-0.10375237,-0.04510496
17.49,0.11971568,-0.10133399,-0.04770788
17.50,0.12427270,-0.09734309,-0.04964015
17.51,0.12811752,-0.09180149,-0.05089276
17.52,0.13105128,-0.08482278,-0.05146562
17.53,0.13289674,-0.07660392,-0.05136736
17.54,0.13350574,-0.06741157,-0.05061500
17.55,0.13276540,-0.05756412,-0.04923359
17.56,0.13060275,-0.04741082,-0.04725562
17.57,0.12698781,-0.03730933,-0.04472048
17.58,0.12193485,-0.02760325,-0.04167379
17.59,0.11550194,-0.01860106,-0.03816664
17.60,0.10778875,-0.01055783,-0.03425482
17.61,0.09893285,-0.00366091,-0.02999801
17.62,0.08910448,0.00197978,-0.02545889
17.63,0.07850029,0.00633601,-0.02070228
17.64,0.06733608,0.00946028,-0.01579423
17.65,0.05583898,0.01147946,-0.01080121
17.66,0.04423938,0.01258389,-0.00578916
17.67,0.03276293,0.01301251,-0.00082271
17.68,0.02162280,0.01303529,0.00403562
17.69,0.01101278,0.01293406,0.00872622
17.70,0.00110113,0.01298308,0.01319303
17.71,-0.00797436,0.01343057,0.01738420
17.72,-0.01610995,0.01448249,0.02125267
17.73,-0.02323827,0.01628953,0.02475663
17.74,-0.02932898,0.01893800,0.02785996
17.75,-0.03438818,0.02244529,0.03053255
17.76,-0.03845627,0.02675999,0.03275053
17.77,-0.04160462,0.03176646,0.03449643
17.78,-0.04393111,0.03729373,0.03575928
17.79,-0.04555483,0.04312767,0.03653455
17.80,-0.04661003,0.04902584,0.03682408
17.81,-0.04723979,0.05473392,0.03663591
17.82,-0.04758942,0.06000245,0.03598400
17.83,-0.04780017,0.06460303,0.03488793
17.84,-0.04800313,0.06834267,0.03337251
17.85,-0.04831394,0.07107564,0.03146731
17.86,-0.04882821,0.07271191,0.02920621
17.87,-0.04961793,0.07322178,0.02662681
17.88,-0.05072901,0.07263656,0.02376990
17.89,-0.05218001,0.07104521,0.02067884
17.90,-0.05396203,0.06858734,0.01739891
17.91,-0.05603977,0.06544315,0.01397674
17.92,-0.05835371,0.06182098,0.01045963
17.93,-0.06082326,0.05794326,0.00689496
17.94,-0.06335072,0.05403210,0.00332955
17.95,-0.06582590,0.05029509,-0.00019092
17.96,-0.06813121,0.04691256,-0.00362246
17.97,-0.07014692,0.04402692,-0.00692329
17.98,-0.07175645,0.04173471,-0.01005436
17.99,-0.07285146,0.04008199,-0.01297973
18.00,-0.07333652,0.03906306,-0.01566699
18.01,-0.07313318,0.03862265,-0.01808760
18.02,-0.07218327,0.03866131,-0.02021713
18.03,-0.07045140,0.03904363,-0.02203549
18.04,-0.06792647,0.03960848,-0.02352709
18.05,-0.06462217,0.04018087,-0.02468089
18.06,-0.06057654,0.04058425,-0.02549050
18.07,-0.05585056,0.04065277,-0.02595408
18.08,-0.05052587,0.04024238,-0.02607428
18.09,-0.04470173,0.03924040,-0.02585808
18.10,-0.03849132,0.03757264,-0.02531664
18.11,-0.03201762,0.03520790,-0.02446498
18.12,-0.02540898,0.03215955,-0.02332174
18.13,-0.01879458,0.02848410,-0.02190885
18.14,-0.01229991,0.02427699,-0.02025114
18.15,-0.00604259,0.01966592,-0.01837597
18.16,-0.00012852,0.01480228,-0.01631279
18.17,0.00535141,0.00985110,-0.01409276
18.18,0.01032395,0.00498050,-0.01174825
18.19,0.01473534,0.00035108,-0.00931241
18.20,0.01855242,-0.00389395,-0.00681876
18.21,0.02176287,-0.00763722,-0.00430069
18.22,0.02437465,-0.01079379,-0.00179108
18.23,0.02641470,-0.01331549,0.00067813
18.24,0.02792695,-0.01519275,0.00307631
18.25,0.02896966,-0.01645393,0.00537454
18.26,0.02961243,-0.01716209,0.00754588
18.27,0.02993271,-0.01740974,0.00956574
18.28,0.03001226,-0.01731173,0.01141206
18.29,0.02993352,-0.01699693,0.01306557
18.30,0.02977602,-0.01659915,0.01450999
18.31,0.02961315,-0.01624814,0.01573211
18.32,0.02950921,-0.01606096,0.01672191
18.33,0.02951701,-0.01613448,0.01747263
18.34,0.02967594,-0.01653947,0.01798073
18.35,0.03001077,-0.01731651,0.01824589
18.36,0.03053102,-0.01847400,0.01827089
18.37,0.03123103,-0.01998841,0.01806155
18.38,0.03209071,-0.02180658,0.01762655
18.39,0.03307676,-0.02384994,0.01697723
18.40,0.03414458,-0.02602035,0.01612740
18.41,0.03524050,-0.02820700,0.01509308
18.42,0.03630437,-0.03029408,0.01389227
18.43,0.03727240,-0.03216859,0.01254464
18.44,0.03808011,-0.03372767,0.01107121
18.45,0.03866516,-0.03488528,0.00949413
18.46,0.03897016,-0.03557749,0.00783626
18.47,0.03894517,-0.03576625,0.00612093
18.48,0.03854983,-0.03544140,0.00437162
18.49,0.03775515,-0.03462079,0.00261162
18.50,0.03654474,-0.03334860,0.00086377
18.51,0.03491549,-0.03169202,-0.00084985
18.52,0.03287785,-0.02973643,-0.00250815
18.53,0.03045536,-0.02757964,-0.00409133
18.54,0.02768386,-0.02532542,-0.00558103
18.55,0.02461012,-0.02307680,-0.00696058
18.56,0.02129010,-0.02092964,-0.00821517
18.57,0.01778688,-0.01896683,-0.00933197
18.58,0.01416839,-0.01725347,-0.01030025
18.59,0.01050489,-0.01583340,-0.01111147
18.60,0.00686659,-0.01472715,-0.01175933
18.61,0.00332114,-0.01393151,-0.01223979
18.62,-0.00006860,-0.01342066,-0.01255106
18.63,-0.00324660,-0.01314875,-0.01269359
18.64,-0.00616535,-0.01305371,-0.01266996
18.65,-0.00878729,-0.01306201,-0.01248484
18.66,-0.01108564,-0.01309412,-0.01214483
18.67,-0.01304497,-0.01307008,-0.01165836
18.68,-0.01466123,-0.01291509,-0.01103551
18.69,-0.01594133,-0.01256448,-0.01028787
18.70,-0.01690238,-0.01196802,-0.00942829
18.71,-0.01757049,-0.01109301,-0.00847076
18.72,-0.01797935,-0.00992627,-0.00743012
18.73,-0.01816844,-0.00847472,-0.00632193
18.74,-0.01818122,-0.00676462,-0.00516216
18.75,-0.01806314,-0.00483962,-0.00396706
18.76,-0.01785965,-0.00275762,-0.00275289
18.77,-0.01761433,-0.00058682,-0.00153570
18.78,-0.01736712,0.00159877,-0.00033121
18.79,-0.01715281,0.00372417,0.00084550
18.80,-0.01699974,0.00571818,0.00198008
18.81,-0.01692889,0.00751773,0.00305908
18.82,-0.01695322,0.00907169,0.00407017
18.83,-0.01707745,0.01034373,0.00500218
18.84,-0.01729814,0.01131415,0.00584527
18.85,-0.01760414,0.01198064,0.00659102
18.86,-0.01797734,0.01235785,0.00723244
18.87,-0.01839370,0.01247589,0.00776412
18.88,-0.01882453,0.01237789,0.00818217
18.89,-0.01923789,0.01211673,0.00848427
18.90,-0.01960009,0.01175129,0.00866966
18.91,-0.01987734,0.01134242,0.00873910
18.92,-0.02003720,0.01094884,0.00869481
18.93,-0.02005009,0.01062338,0.00854042
18.94,-0.01989059,0.01040965,0.00828086
18.95,-0.01953856,0.01033950,0.00792231
18.96,-0.01897999,0.01043119,0.00747204
18.97,-0.01820765,0.01068868,0.00693828
18.98,-0.01722141,0.01110172,0.00633014
18.99,-0.01602826,0.01164701,0.00565744
19.00,-0.01464210,0.01229011,0.00493055
19.01,-0.01308319,0.01298808,0.00416025
19.02,-0.01137741,0.01369255,0.00335761
19.03,-0.00955529,0.01435318,0.00253379
19.04,-0.00765089,0.01492103,0.00169994
19.05,-0.00570054,0.01535187,0.00086703
19.06,-0.00374154,0.01560902,0.00004571
19.07,-0.00181086,0.01566567,-0.00075379
19.08,0.00005616,0.01550647,-0.00152182
19.09,0.00182696,0.01512836,-0.00224938
19.10,0.00347284,0.01454053,-0.00292825
19.11,0.00496982,0.01376365,-0.00355105
19.12,0.00629930,0.01282830,-0.00411132
19.13,0.00744851,0.01177289,-0.00460359
19.14,0.00841073,0.01064102,-0.00502341
19.15,0.00918528,0.00947865,-0.00536738
19.16,0.00977723,0.00833118,-0.00563316
19.17,0.01019695,0.00724064,-0.00581950
19.18,0.01045948,0.00624313,-0.00592620
19.19,0.01058368,0.00536685,-0.00595407
19.20,0.01059133,0.00463054,-0.00590492
19.21,0.01050612,0.00404270,-0.00578152
19.22,0.01035260,0.00360141,-0.00558750
19.23,0.01015514,0.00329493,-0.00532729
19.24,0.00993695,0.00310285,-0.00500606
19.25,0.00971917,0.00299776,-0.00462963
19.26,0.00952008,0.00294742,-0.00420435
19.27,0.00935449,0.00291708,-0.00373703
19.28,0.00923323,0.00287195,-0.00323483
19.29,0.00916289,0.00277960,-0.00270518
19.30,0.00914570,0.00261211,-0.00215561
19.31,0.00917964,0.00234787,-0.00159375
19.32,0.00925869,0.00197295,-0.00102714
19.33,0.00937326,0.00148184,-0.00046319
19.34,0.00951074,0.00087770,0.00009095
19.35,0.00965618,0.00017198,0.00062843
19.36,0.00979305,-0.00061646,0.00114283
19.37,0.00990407,-0.00146275,0.00162819
19.38,0.00997196,-0.00233773,0.00207909
19.39,0.00998031,-0.00320989,0.00249071
19.40,0.00991428,-0.00404747,0.00285887
19.41,0.00976128,-0.00482049,0.00318007
19.42,0.00951152,-0.00550259,0.00345150
19.43,0.00915847,-0.00607266,0.00367108
19.44,0.00869912,-0.00651600,0.00383745
19.45,0.00813411,-0.00682511,0.00394997
19.46,0.00746777,-0.00699993,0.00400872
19.47,0.00670793,-0.00704765,0.00401446
19.48,0.00586564,-0.00698201,0.00396861
19.49,0.00495473,-0.00682220,0.00387321
19.50,0.00399132,-0.00659151,0.00373090
19.51,0.00299324,-0.00631563,0.00354482
19.52,0.00197930,-0.00602099,0.00331861
19.53,0.00096871,-0.00573298,0.00305630
19.54,-0.00001967,-0.00547434,0.00276230
19.55,-0.00096795,-0.00526384,0.00244126
19.56,-0.00185980,-0.00511511,0.00209808
19.57,-0.00268098,-0.00503600,0.00173780
19.58,-0.00341980,-0.00502824,0.00136552
19.59,-0.00406739,-0.00508755,0.00098638
19.60,-0.00461793,-0.00520416,0.00060542
19.61,-0.00506876,-0.00536359,0.00022759
19.62,-0.00542028,-0.00554787,-0.00014234
19.63,-0.00567585,-0.00573679,-0.00049986
19.64,-0.00584151,-0.00590940,-0.00084073
19.65,-0.00592562,-0.00604541,-0.00116105
19.66,-0.00593843,-0.00612660,-0.00145729
19.67,-0.00589161,-0.00613799,-0.00172635
19.68,-0.00579770,-0.00606877,-0.00196556
19.69,-0.00566959,-0.00591300,-0.00217269
19.70,-0.00551997,-0.00566989,-0.00234601
19.71,-0.00536086,-0.00534375,-0.00248427
19.72,-0.00520313,-0.00494368,-0.00258671
19.73,-0.00505611,-0.00448285,-0.00265304
19.74,-0.00492732,-0.00397761,-0.00268346
19.75,-0.00482218,-0.00344641,-0.00267860
19.76,-0.00474394,-0.00290857,-0.00263956
19.77,-0.00469360,-0.00238306,-0.00256781
19.78,-0.00467002,-0.00188734,-0.00246524
19.79,-0.00467002,-0.00143634,-0.00233405
19.80,-0.00468864,-0.00104158,-0.00217676
19.81,-0.00471944,-0.00071061,-0.00199613
19.82,-0.00475485,-0.00044665,-0.00179518
19.83,-0.00478652,-0.00024859,-0.00157707
19.84,-0.00480581,-0.00011125,-0.00134510
19.85,-0.00480414,-0.00002583,-0.00110266
19.86,-0.00477339,0.00001928,-0.00085316
19.87,-0.00470634,0.00003770,-0.00060001
19.88,-0.00459690,0.00004401,-0.00034658
19.89,-0.00444046,0.00005273,-0.00009611
19.90,-0.00423406,0.00007739,0.00014825
19.91,-0.00397652,0.00012956,0.00038354
19.92,-0.00366852,0.00021819,0.00060702
19.93,-0.00331255,0.00034904,0.00081615
19.94,-0.00291284,0.00052436,0.00100868
19.95,-0.00247520,0.00074286,0.00118261
19.96,-0.00200680,0.00099982,0.00133627
19.97,-0.00151586,0.00128754,0.00146826
19.98,-0.00101143,0.00159587,0.00157754
19.99,-0.00050295,0.00191297,0.00166337
20.00,0.00000000,0.00222608,0.00172534
20.01,0.00048808,0.00252240,0.00176336
20.02,0.00095253,0.00278993,0.00177764
20.03,0.00138540,0.00301819,0.00176871
20.04,0.00177987,0.00319891,0.00173737
20.05,0.00213043,0.00332645,0.00168468
20.06,0.00243301,0.00339815,0.00161195
20.07,0.00268510,0.00341437,0.00152072
20.08,0.00288576,0.00337843,0.00141269
20.09,0.00303560,0.00329630,0.00128977
20.10,0.00313667,0.00317612,0.00115396
20.11,0.00319235,0.00302765,0.00100741
20.12,0.00320715,0.00286160,0.00085231
20.13,0.00318646,0.00268889,0.00069090
20.14,0.00313634,0.00251998,0.00052546
20.15,0.00306325,0.00236421,0.00035823
20.16,0.00297376,0.00222924,0.00019140
20.17,0.00287429,0.00212063,0.00002712
20.18,0.00277088,0.00204157,-0.00013259
20.19,0.00266897,0.00199276,-0.00028581
20.20,0.00257318,0.00197245,-0.00043077
20.21,0.00248721,0.00197668,-0.00056584
20.22,0.00241371,0.00199964,-0.00068960
20.23,0.00235420,0.00203408,-0.00080079
20.24,0.00230912,0.00207191,-0.00089836
20.25,0.00227784,0.00210478,-0.00098147
20.26,0.00225871,0.00212461,-0.00104948
20.27,0.00224925,0.00212420,-0.00110198
20.28,0.00224624,0.00209766,-0.00113875
20.29,0.00224594,0.00204080,-0.00115981
20.30,0.00224425,0.00195140,-0.00116536
20.31,0.00223696,0.00182928,-0.00115578
20.32,0.00221990,0.00167631,-0.00113168
20.33,0.00218919,0.00149625,-0.00109378
20.34,0.00214137,0.00129445,-0.00104301
20.35,0.00207360,0.00107753,-0.00098039
20.36,0.00198375,0.00085287,-0.00090711
20.37,0.00187053,0.00062817,-0.00082441
20.38,0.00173351,0.00041096,-0.00073366
20.39,0.00157318,0.00020812,-0.00063627
20.40,0.00139090,0.00002548,-0.00053368
20.41,0.00118887,-0.00013250,-0.00042737
20.42,0.00097004,-0.00026298,-0.00031883
20.43,0.00073800,-0.00036483,-0.00020952
20.44,0.00049682,-0.00043865,-0.00010086
20.45,0.00025093,-0.00048668,0.00000577
20.46,0.00000495,-0.00051255,0.00010905
20.47,-0.00023650,-0.00052101,0.00020776
20.48,-0.00046895,-0.00051755,0.00030078
20.49,-0.00068822,-0.00050805,0.00038708
20.50,-0.00089058,-0.00049835,0.00046577
20.51,-0.00107287,-0.00049382,0.00053605
20.52,-0.00123258,-0.00049910,0.00059729
20.53,-0.00136792,-0.00051773,0.00064899
20.54,-0.00147786,-0.00055201,0.00069075
20.55,-0.00156215,-0.00060284,0.00072237
20.56,-0.00162129,-0.00066973,0.00074374
20.57,-0.00165645,-0.00075084,0.00075490
20.58,-0.00166947,-0.00084319,0.00075603
20.59,-0.00166267,-0.00094284,0.00074742
20.60,-0.00163882,-0.00104519,0.00072949
20.61,-0.00160098,-0.00114534,0.00070275
20.62,-0.00155236,-0.00123837,0.00066782
20.63,-0.00149623,-0.00131970,0.00062540
20.64,-0.00143573,-0.00138536,0.00057628
20.65,-0.00137382,-0.00143226,0.00052129
20.66,-0.00131314,-0.00145835,0.00046131
20.67,-0.00125591,-0.00146273,0.00039729
20.68,-0.00120390,-0.00144572,0.00033016
20.69,-0.00115834,-0.00140872,0.00026089
20.70,-0.00111995,-0.00135421,0.00019043
20.71,-0.00108889,-0.00128547,0.00011973
20.72,-0.00106482,-0.00120638,0.00004971
20.73,-0.00104692,-0.00112119,-0.00001876
20.74,-0.00103397,-0.00103419,-0.00008485
20.75,-0.00102439,-0.00094949,-0.00014777
20.76,-0.00101639,-0.00087072,-0.00020683
20.77,-0.00100801,-0.00080086,-0.00026137
20.78,-0.00099724,-0.00074205,-0.00031085
20.79,-0.00098212,-0.00069551,-0.00035478
20.80,-0.00096082,-0.00066149,-0.00039277
20.81,-0.00093175,-0.00063929,-0.00042452
20.82,-0.00089361,-0.00062737,-0.00044982
20.83,-0.00084543,-0.00062347,-0.00046855
20.84,-0.00078667,-0.00062478,-0.00048067
20.85,-0.00071720,-0.00062820,-0.00048624
20.86,-0.00063731,-0.00063052,-0.00048538
20.87,-0.00054772,-0.00062866,-0.00047833
20.88,-0.00044953,-0.00061988,-0.00046535
20.89,-0.00034417,-0.00060194,-0.00044681
20.90,-0.00023339,-0.00057330,-0.00042312
20.91,-0.00011915,-0.00053312,-0.00039475
20.92,-0.00000355,-0.00048138,-0.00036221
20.93,0.00011122,-0.00041882,-0.00032605
20.94,0.00022302,-0.00034692,-0.00028686
20.95,0.00032974,-0.00026772,-0.00024523
20.96,0.00042948,-0.00018376,-0.00020177
20.97,0.00052053,-0.00009784,-0.00015711
20.98,0.00060148,-0.00001288,-0.00011186
20.99,0.00067121,0.00006829,-0.00006662
21.00,0.00072899,0.00014310,-0.00002196
21.01,0.00077442,0.00020940,0.00002154
21.02,0.00080747,0.00026555,0.00006338
21.03,0.00082848,0.00031055,0.00010307
21.04,0.00083810,0.00034404,0.00014016
21.05,0.00083727,0.00036633,0.00017425
21.06,0.00082716,0.00037834,0.00020502
21.07,0.00080915,0.00038151,0.00023217
21.08,0.00078473,0.00037769,0.00025546
21.09,0.00075547,0.00036902,0.00027471
21.10,0.00072291,0.00035777,0.00028982
21.11,0.00068858,0.00034617,0.00030073
21.12,0.00065388,0.00033628,0.00030741
21.13,0.00062003,0.00032987,0.00030993
21.14,0.00058808,0.00032828,0.00030839
21.15,0.00055885,0.00033240,0.00030294
21.16,0.00053291,0.00034257,0.00029377
21.17,0.00051056,0.00035862,0.00028112
21.18,0.00049187,0.00037986,0.00026527
21.19,0.00047665,0.00040519,0.00024653
21.20,0.00046450,0.00043316,0.00022522
21.21,0.00045483,0.00046206,0.00020172
21.22,0.00044690,0.00049009,0.00017639
21.23,0.00043987,0.00051544,0.00014961
21.24,0.00043281,0.00053645,0.00012178
21.25,0.00042480,0.00055168,0.00009330
21.26,0.00041494,0.00056003,0.00006454
21.27,0.00040240,0.00056078,0.00003589
21.28,0.00038644,0.00055365,0.00000772
21.29,0.00036649,0.00053880,-0.00001964
21.30,0.00034214,0.00051682,-0.00004584
21.31,0.00031315,0.00048866,-0.00007061
21.32,0.00027949,0.00045557,-0.00009365
21.33,0.00024133,0.00041902,-0.00011474
21.34,0.00019902,0.00038062,-0.00013366
21.35,0.00015310,0.00034196,-0.00015024
21.36,0.00010424,0.00030458,-0.00016434
21.37,0.00005327,0.00026981,-0.00017587
21.38,0.00000109,0.00023875,-0.00018477
21.39,-0.00005132,0.00021219,-0.00019099
21.40,-0.00010297,0.00019056,-0.00019455
21.41,-0.00015287,0.00017392,-0.00019550
21.42,-0.00020009,0.00016202,-0.00019390
21.43,-0.00024377,0.00015427,-0.00018987
21.44,-0.00028316,0.00014981,-0.00018352
21.45,-0.00031764,0.00014761,-0.00017503
21.46,-0.00034675,0.00014652,-0.00016456
21.47,-0.00037019,0.00014536,-0.00015233
21.48,-0.00038783,0.00014300,-0.00013855
21.49,-0.00039969,0.00013842,-0.00012344
21.50,-0.00040598,0.00013083,-0.00010724
21.51,-0.00040703,0.00011966,-0.00009020
21.52,-0.00040331,0.00010460,-0.00007257
21.53,-0.00039540,0.00008567,-0.00005460
21.54,-0.00038397,0.00006313,-0.00003652
21.55,-0.00036970,0.00003753,-0.00001857
21.56,-0.00035335,0.00000961,-0.00000098
21.57,-0.00033563,-0.00001971,0.00001604
21.58,-0.00031725,-0.00004943,0.00003228
21.59,-0.00029885,-0.00007848,0.00004757
21.60,-0.00028100,-0.00010586,0.00006173
21.61,-0.00026417,-0.00013067,0.00007463
21.62,-0.00024872,-0.00015213,0.00008613
21.63,-0.00023490,-0.00016970,0.00009614
21.64,-0.00022285,-0.00018302,0.00010458
21.65,-0.00021258,-0.00019201,0.00011140
21.66,-0.00020399,-0.00019681,0.00011655
21.67,-0.00019691,-0.00019778,0.00012003
21.68,-0.00019104,-0.00019546,0.00012185
21.69,-0.00018604,-0.00019055,0.00012204
21.70,-0.00018154,-0.00018384,0.00012065
21.71,-0.00017710,-0.00017617,0.00011776
21.72,-0.00017232,-0.00016835,0.00011346
21.73,-0.00016679,-0.00016114,0.00010783
21.74,-0.00016012,-0.00015518,0.00010102
21.75,-0.00015202,-0.00015096,0.00009313
21.76,-0.00014222,-0.00014880,0.00008431
21.77,-0.00013054,-0.00014882,0.00007470
21.78,-0.00011690,-0.00015098,0.00006446
21.79,-0.00010129,-0.00015501,0.00005374
21.80,-0.00008379,-0.00016054,0.00004269
21.81,-0.00006459,-0.00016705,0.00003146
21.82,-0.00004391,-0.00017393,0.00002021
21.83,-0.00002209,-0.00018056,0.00000909
21.84,0.00000051,-0.00018629,-0.00000178
21.85,0.00002349,-0.00019054,-0.00001225
21.86,0.00004640,-0.00019282,-0.00002221
21.87,0.00006881,-0.00019275,-0.00003155
21.88,0.00009027,-0.00019009,-0.00004016
21.89,0.00011039,-0.00018476,-0.00004796
21.90,0.00012879,-0.00017683,-0.00005487
21.91,0.00014515,-0.00016651,-0.00006085
21.92,0.00015921,-0.00015416,-0.00006584
21.93,0.00017079,-0.00014023,-0.00006981
21.94,0.00017977,-0.00012526,-0.00007274
21.95,0.00018611,-0.00010980,-0.00007464
21.96,0.00018984,-0.00009443,-0.00007552
21.97,0.00019108,-0.00007969,-0.00007539
21.98,0.00018999,-0.00006605,-0.00007430
21.99,0.00018680,-0.00005389,-0.00007228
22.00,0.00018178,-0.00004348,-0.00006941
22.01,0.00017524,-0.00003496,-0.00006574
22.02,0.00016751,-0.00002835,-0.00006135
22.03,0.00015891,-0.00002355,-0.00005633
22.04,0.00014978,-0.00002034,-0.00005075
22.05,0.00014044,-0.00001842,-0.00004471
22.06,0.00013116,-0.00001741,-0.00003831
22.07,0.00012221,-0.00001690,-0.00003163
22.08,0.00011378,-0.00001648,-0.00002478
22.09,0.00010604,-0.00001575,-0.00001784
22.10,0.00009909,-0.00001436,-0.00001092
22.11,0.00009299,-0.00001202,-0.00000409
22.12,0.00008773,-0.00000853,0.00000255
22.13,0.00008327,-0.00000379,0.00000893
22.14,0.00007952,0.00000220,0.00001497
22.15,0.00007636,0.00000935,0.00002061
22.16,0.00007363,0.00001746,0.00002579
22.17,0.00007115,0.00002628,0.00003046
22.18,0.00006874,0.00003549,0.00003457
22.19,0.00006622,0.00004475,0.00003809
22.20,0.00006341,0.00005370,0.00004100
22.21,0.00006014,0.00006199,0.00004328
22.22,0.00005628,0.00006932,0.00004493
22.23,0.00005173,0.00007544,0.00004593
22.24,0.00004640,0.00008016,0.00004632
22.25,0.00004026,0.00008338,0.00004609
22.26,0.00003333,0.00008506,0.00004527
22.27,0.00002562,0.00008529,0.00004391
22.28,0.00001724,0.00008417,0.00004202
22.29,0.00000828,0.00008193,0.00003966
22.30,-0.00000111,0.00007880,0.00003687
22.31,-0.00001077,0.00007506,0.00003371
22.32,-0.00002052,0.00007101,0.00003022
22.33,-0.00003018,0.00006693,0.00002647
22.34,-0.00003954,0.00006308,0.00002250
22.35,-0.00004844,0.00005969,0.00001839
22.36,-0.00005668,0.00005693,0.00001418
22.37,-0.00006413,0.00005490,0.00000994
22.38,-0.00007064,0.00005366,0.00000573
22.39,-0.00007611,0.00005317,0.00000158
22.40,-0.00008047,0.00005336,-0.00000243
22.41,-0.00008368,0.00005409,-0.00000628
22.42,-0.00008573,0.00005519,-0.00000990
22.43,-0.00008665,0.00005646,-0.00001327
22.44,-0.00008648,0.00005768,-0.00001635
22.45,-0.00008531,0.00005863,-0.00001912
22.46,-0.00008325,0.00005912,-0.00002153
22.47,-0.00008043,0.00005899,-0.00002358
22.48,-0.00007696,0.00005811,-0.00002526
22.49,-0.00007302,0.00005640,-0.00002655
22.50,-0.00006873,0.00005384,-0.00002746
22.51,-0.00006426,0.00005046,-0.00002797
22.52,-0.00005972,0.00004633,-0.00002811
22.53,-0.00005526,0.00004158,-0.00002788
22.54,-0.00005097,0.00003636,-0.00002730
22.55,-0.00004694,0.00003086,-0.00002639
22.56,-0.00004325,0.00002526,-0.00002517
22.57,-0.00003993,0.00001975,-0.00002368
22.58,-0.00003700,0.00001452,-0.00002193
22.59,-0.00003447,0.00000973,-0.00001995
22.60,-0.00003230,0.00000549,-0.00001780
22.61,-0.00003046,0.00000189,-0.00001549
22.62,-0.00002890,-0.00000102,-0.00001306
22.63,-0.00002754,-0.00000323,-0.00001056
22.64,-0.00002631,-0.00000479,-0.00000800
22.65,-0.00002512,-0.00000578,-0.00000544
22.66,-0.00002391,-0.00000630,-0.00000290
22.67,-0.00002258,-0.00000647,-0.00000041
22.68,-0.00002109,-0.00000644,0.00000199
22.69,-0.00001935,-0.00000635,0.00000429
22.70,-0.00001734,-0.00000634,0.00000644
22.71,-0.00001503,-0.00000651,0.00000843
22.72,-0.00001239,-0.00000698,0.00001024
22.73,-0.00000943,-0.00000780,0.00001186
22.74,-0.00000617,-0.00000902,0.00001326
22.75,-0.00000265,-0.00001062,0.00001444
22.76,0.00000108,-0.00001258,0.00001540
22.77,0.00000498,-0.00001484,0.00001612
22.78,0.00000895,-0.00001732,0.00001660
22.79,0.00001294,-0.00001990,0.00001686
22.80,0.00001686,-0.00002248,0.00001688
22.81,0.00002063,-0.00002494,0.00001669
22.82,0.00002418,-0.00002717,0.00001629
22.83,0.00002742,-0.00002907,0.00001570
22.84,0.00003031,-0.00003056,0.00001492
22.85,0.00003279,-0.00003159,0.00001398
22.86,0.00003481,-0.00003211,0.00001290
22.87,0.00003636,-0.00003214,0.00001169
22.88,0.00003741,-0.00003168,0.00001037
22.89,0.00003797,-0.00003079,0.00000896
22.90,0.00003804,-0.00002954,0.00000749
22.91,0.00003767,-0.00002801,0.00000598
22.92,0.00003688,-0.00002630,0.00000445
22.93,0.00003572,-0.00002450,0.00000291
22.94,0.00003425,-0.00002270,0.00000140
22.95,0.00003253,-0.00002100,-0.00000008
22.96,0.00003062,-0.00001946,-0.00000150
22.97,0.00002859,-0.00001815,-0.00000285
22.98,0.00002649,-0.00001710,-0.00000412
22.99,0.00002439,-0.00001632,-0.00000529
23.00,0.00002233,-0.00001581,-0.00000634
23.01,0.00002036,-0.00001553,-0.00000727
23.02,0.00001852,-0.00001545,-0.00000808
23.03,0.00001684,-0.00001551,-0.00000875
23.04,0.00001532,-0.00001563,-0.00000929
23.05,0.00001399,-0.00001576,-0.00000968
23.06,0.00001283,-0.00001582,-0.00000993
23.07,0.00001184,-0.00001575,-0.00001005
23.08,0.00001099,-0.00001549,-0.00001004
23.09,0.00001027,-0.00001501,-0.00000989
23.10,0.00000964,-0.00001428,-0.00000962
23.11,0.00000908,-0.00001330,-0.00000924
23.12,0.00000854,-0.00001207,-0.00000876
23.13,0.00000799,-0.00001063,-0.00000817
23.14,0.00000741,-0.00000900,-0.00000751
23.15,0.00000676,-0.00000725,-0.00000677
23.16,0.00000603,-0.00000542,-0.00000597
23.17,0.00000518,-0.00000358,-0.00000513
23.18,0.00000422,-0.00000180,-0.00000425
23.19,0.00000314,-0.00000013,-0.00000335
23.20,0.00000193,0.00000139,-0.00000243
23.21,0.00000060,0.00000271,-0.00000153
23.22,-0.00000082,0.00000381,-0.00000063
23.23,-0.00000232,0.00000467,0.00000024
23.24,-0.00000387,0.00000529,0.00000107
23.25,-0.00000545,0.00000569,0.00000186
23.26,-0.00000702,0.00000590,0.00000260
23.27,-0.00000855,0.00000595,0.00000327
23.28,-0.00001001,0.00000588,0.00000388
23.29,-0.00001137,0.00000574,0.00000441
23.30,-0.00001260,0.00000557,0.00000487
23.31,-0.00001367,0.00000542,0.00000524
23.32,-0.00001457,0.00000532,0.00000554
23.33,-0.00001527,0.00000531,0.00000575
23.34,-0.00001578,0.00000541,0.00000588
23.35,-0.00001608,0.00000563,0.00000593
23.36,-0.00001618,0.00000597,0.00000590
23.37,-0.00001608,0.00000642,0.00000580
23.38,-0.00001580,0.00000696,0.00000562
23.39,-0.00001535,0.00000756,0.00000538
23.40,-0.00001476,0.00000820,0.00000508
23.41,-0.00001405,0.00000883,0.00000473
23.42,-0.00001324,0.00000943,0.00000432
23.43,-0.00001236,0.00000995,0.00000388
23.44,-0.00001143,0.00001037,0.00000340
23.45,-0.00001049,0.00001066,0.00000290
23.46,-0.00000955,0.00001080,0.00000238
23.47,-0.00000864,0.00001079,0.00000185
23.48,-0.00000778,0.00001062,0.00000131
23.49,-0.00000697,0.00001031,0.00000078
23.50,-0.00000624,0.00000987,0.00000026
23.51,-0.00000558,0.00000932,-0.00000025
23.52,-0.00000500,0.00000869,-0.00000073
23.53,-0.00000449,0.00000801,-0.00000119
23.54,-0.00000406,0.00000731,-0.00000161
23.55,-0.00000369,0.00000662,-0.00000200
23.56,-0.00000338,0.00000597,-0.00000234
23.57,-0.00000311,0.00000537,-0.00000264
23.58,-0.00000286,0.00000486,-0.00000290
23.59,-0.00000264,0.00000443,-0.00000311
23.60,-0.00000241,0.00000410,-0.00000327
23.61,-0.00000217,0.00000385,-0.00000338
23.62,-0.00000190,0.00000369,-0.00000345
23.63,-0.00000161,0.00000359,-0.00000346
23.64,-0.00000127,0.00000354,-0.00000344
23.65,-0.00000089,0.00000352,-0.00000337
23.66,-0.00000046,0.00000351,-0.00000325
23.67,0.00000001,0.00000348,-0.00000310
23.68,0.00000053,0.00000342,-0.00000292
23.69,0.00000108,0.00000330,-0.00000270
23.70,0.00000166,0.00000313,-0.00000246
23.71,0.00000226,0.00000288,-0.00000220
23.72,0.00000286,0.00000256,-0.00000192
23.73,0.00000345,0.00000217,-0.00000162
23.74,0.00000403,0.00000172,-0.00000132
23.75,0.00000457,0.00000123,-0.00000100
23.76,0.00000507,0.00000069,-0.00000069
23.77,0.00000552,0.00000015,-0.00000038
23.78,0.00000590,-0.00000040,-0.00000008
23.79,0.00000620,-0.00000092,0.00000021
23.80,0.00000643,-0.00000140,0.00000049
23.81,0.00000658,-0.00000183,0.00000075
23.82,0.00000665,-0.00000220,0.00000099
23.83,0.00000664,-0.00000249,0.00000120
23.84,0.00000655,-0.00000271,0.00000140
23.85,0.00000638,-0.00000285,0.00000157
23.86,0.00000616,-0.00000292,0.00000171
23.87,0.00000587,-0.00000293,0.00000182
23.88,0.00000555,-0.00000289,0.00000191
23.89,0.00000518,-0.00000281,0.00000197
23.90,0.00000479,-0.00000271,0.00000200
23.91,0.00000439,-0.00000260,0.00000200
23.92,0.00000399,-0.00000249,0.00000198
23.93,0.00000359,-0.00000240,0.00000193
23.94,0.00000320,-0.00000234,0.00000186
23.95,0.00000283,-0.00000231,0.00000177
23.96,0.00000249,-0.00000232,0.00000166
23.97,0.00000219,-0.00000236,0.00000153
23.98,0.00000191,-0.00000243,0.00000139
23.99,0.00000167,-0.00000254,0.00000123
24.00,0.00000146,-0.00000266,0.00000107
24.01,0.00000128,-0.00000280,0.00000090
24.02,0.00000113,-0.00000293,0.00000072
24.03,0.00000100,-0.00000305,0.00000054
24.04,0.00000089,-0.00000315,0.00000036
24.05,0.00000079,-0.00000322,0.00000018
24.06,0.00000070,-0.00000326,0.00000001
24.07,0.00000061,-0.00000325,-0.00000016
24.08,0.00000052,-0.00000319,-0.00000031
24.09,0.00000042,-0.00000310,-0.00000046
24.10,0.00000030,-0.00000296,-0.00000060
24.11,0.00000017,-0.00000278,-0.00000072
24.12,0.00000003,-0.00000258,-0.00000083
24.13,-0.00000013,-0.00000235,-0.00000092
24.14,-0.00000031,-0.00000211,-0.00000100
24.15,-0.00000050,-0.00000187,-0.00000106
24.16,-0.00000071,-0.00000163,-0.00000110
24.17,-0.00000092,-0.00000141,-0.00000113
24.18,-0.00000114,-0.00000121,-0.00000115
24.19,-0.00000136,-0.00000103,-0.00000115
24.20,-0.00000158,-0.00000089,-0.00000113
24.21,-0.00000179,-0.00000077,-0.00000110
24.22,-0.00000198,-0.00000068,-0.00000105
24.23,-0.00000216,-0.00000062,-0.00000100
24.24,-0.00000231,-0.00000058,-0.00000093
24.25,-0.00000244,-0.00000056,-0.00000086
24.26,-0.00000254,-0.00000054,-0.00000077
24.27,-0.00000261,-0.00000053,-0.00000068
24.28,-0.00000264,-0.00000052,-0.00000059
24.29,-0.00000265,-0.00000050,-0.00000049
24.30,-0.00000262,-0.00000047,-0.00000039
24.31,-0.00000257,-0.00000042,-0.00000028
24.32,-0.00000249,-0.00000035,-0.00000018
24.33,-0.00000238,-0.00000026,-0.00000008
24.34,-0.00000225,-0.00000015,0.00000002
24.35,-0.00000211,-0.00000003,0.00000011
24.36,-0.00000195,0.00000011,0.00000020
24.37,-0.00000179,0.00000025,0.00000028
24.38,-0.00000162,0.00000040,0.00000036
24.39,-0.00000145,0.00000054,0.00000042
24.40,-0.00000129,0.00000068,0.00000048
24.41,-0.00000113,0.00000081,0.00000053
24.42,-0.00000098,0.00000092,0.00000057
24.43,-0.00000084,0.00000101,0.00000061
24.44,-0.00000072,0.00000107,0.00000063
24.45,-0.00000061,0.00000112,0.00000065
24.46,-0.00000051,0.00000114,0.00000065
24.47,-0.00000043,0.00000114,0.00000065
24.48,-0.00000036,0.00000112,0.00000064
24.49,-0.00000030,0.00000109,0.00000062
24.50,-0.00000025,0.00000104,0.00000059
24.51,-0.00000021,0.00000099,0.00000056
24.52,-0.00000017,0.00000094,0.00000052
24.53,-0.00000014,0.00000089,0.00000048
24.54,-0.00000010,0.00000085,0.00000043
24.55,-0.00000007,0.00000081,0.00000037
24.56,-0.00000003,0.00000078,0.00000032
24.57,0.00000001,0.00000076,0.00000026
24.58,0.00000006,0.00000076,0.00000021
24.59,0.00000011,0.00000076,0.00000015
24.60,0.00000017,0.00000077,0.00000009
24.61,0.00000023,0.00000079,0.00000003
24.62,0.00000030,0.00000082,-0.00000002
24.63,0.00000037,0.00000084,-0.00000007
24.64,0.00000045,0.00000086,-0.00000012
24.65,0.00000053,0.00000087,-0.00000017
24.66,0.00000061,0.00000088,-0.00000021
24.67,0.00000068,0.00000087,-0.00000025
24.68,0.00000075,0.00000086,-0.00000028
24.69,0.00000082,0.00000083,-0.00000031
24.70,0.00000088,0.00000079,-0.00000033
24.71,0.00000093,0.00000074,-0.00000035
24.72,0.00000097,0.00000068,-0.00000036
24.73,0.00000100,0.00000062,-0.00000036
24.74,0.00000102,0.00000054,-0.00000037
24.75,0.00000102,0.00000047,-0.00000036
24.76,0.00000102,0.00000039,-0.00000036
24.77,0.00000100,0.00000032,-0.00000034
24.78,0.00000097,0.00000025,-0.00000033
24.79,0.00000093,0.00000019,-0.00000031
24.80,0.00000089,0.00000014,-0.00000029
24.81,0.00000083,0.00000009,-0.00000026
24.82,0.00000077,0.00000006,-0.00000023
24.83,0.00000071,0.00000003,-0.00000020
24.84,0.00000064,0.00000001,-0.00000017
24.85,0.00000057,0.00000000,-0.00000014
24.86,0.00000051,-0.00000000,-0.00000011
24.87,0.00000044,-0.00000000,-0.00000008
24.88,0.00000038,-0.00000001,-0.00000004
24.89,0.00000032,-0.00000001,-0.00000001
24.90,0.00000027,-0.00000001,0.00000002
24.91,0.00000022,-0.00000002,0.00000005
24.92,0.00000018,-0.00000003,0.00000007
24.93,0.00000014,-0.00000004,0.00000010
24.94,0.00000011,-0.00000006,0.00000012
24.95,0.00000008,-0.00000009,0.00000014
24.96,0.00000006,-0.00000012,0.00000016
24.97,0.00000004,-0.00000015,0.00000017
24.98,0.00000003,-0.00000019,0.00000019
24.99,0.00000001,-0.00000022,0.00000019
25.00,-0.00000000,-0.00000026,0.00000020
25.01,-0.00000001,-0.00000029,0.00000020
25.02,-0.00000002,-0.00000032,0.00000020
25.03,-0.00000004,-0.00000034,0.00000020
25.04,-0.00000005,-0.00000036,0.00000020
25.05,-0.00000007,-0.00000037,0.00000019
25.06,-0.00000008,-0.00000038,0.00000018
25.07,-0.00000010,-0.00000038,0.00000017
25.08,-0.00000013,-0.00000037,0.00000016
25.09,-0.00000015,-0.00000036,0.00000014
25.10,-0.00000017,-0.00000035,0.00000013
25.11,-0.00000020,-0.00000033,0.00000011
25.12,-0.00000023,-0.00000031,0.00000009
25.13,-0.00000025,-0.00000029,0.00000007
25.14,-0.00000028,-0.00000027,0.00000006
25.15,-0.00000030,-0.00000025,0.00000004
25.16,-0.00000032,-0.00000023,0.00000002
25.17,-0.00000034,-0.00000022,0.00000000
25.18,-0.00000036,-0.00000021,-0.00000001
25.19,-0.00000037,-0.00000021,-0.00000003
25.20,-0.00000038,-0.00000020,-0.00000004
25.21,-0.00000038,-0.00000020,-0.00000006
25.22,-0.00000038,-0.00000020,-0.00000007
25.23,-0.00000038,-0.00000020,-0.00000008
25.24,-0.00000037,-0.00000021,-0.00000009
25.25,-0.00000035,-0.00000021,-0.00000010
25.26,-0.00000034,-0.00000021,-0.00000010
25.27,-0.00000032,-0.00000021,-0.00000011
25.28,-0.00000029,-0.00000020,-0.00000011
25.29,-0.00000027,-0.00000020,-0.00000011
25.30,-0.00000025,-0.00000019,-0.00000011
25.31,-0.00000022,-0.00000017,-0.00000011
25.32,-0.00000019,-0.00000016,-0.00000011
25.33,-0.00000017,-0.00000014,-0.00000010
25.34,-0.00000014,-0.00000012,-0.00000010
25.35,-0.00000012,-0.00000010,-0.00000009
25.36,-0.00000010,-0.00000008,-0.00000008
25.37,-0.00000008,-0.00000006,-0.00000008
25.38,-0.00000006,-0.00000004,-0.00000007
25.39,-0.00000004,-0.00000002,-0.00000006
25.40,-0.00000003,-0.00000000,-0.00000005
25.41,-0.00000002,0.00000001,-0.00000004
25.42,-0.00000001,0.00000002,-0.00000003
25.43,-0.00000000,0.00000003,-0.00000002
25.44,0.00000000,0.00000004,-0.00000001
25.45,0.00000001,0.00000004,0.00000000
25.46,0.00000001,0.00000004,0.00000001
25.47,0.00000002,0.00000005,0.00000002
25.48,0.00000002,0.00000004,0.00000003
25.49,0.00000003,0.00000004,0.00000003
25.50,0.00000003,0.00000004,0.00000004
25.51,0.00000003,0.00000004,0.00000005
25.52,0.00000004,0.00000004,0.00000005
25.53,0.00000005,0.00000004,0.00000005
25.54,0.00000005,0.00000005,0.00000006
25.55,0.00000006,0.00000005,0.00000006
25.56,0.00000007,0.00000005,0.00000006
25.57,0.00000007,0.00000006,0.00000006
25.58,0.00000008,0.00000007,0.00000006
25.59,0.00000009,0.00000008,0.00000006
25.60,0.00000010,0.00000008,0.00000006
25.61,0.00000011,0.00000009,0.00000006
25.62,0.00000012,0.00000010,0.00000005
25.63,0.00000012,0.00000010,0.00000005
25.64,0.00000013,0.00000011,0.00000004
25.65,0.00000013,0.00000011,0.00000004
25.66,0.00000014,0.00000011,0.00000004
25.67,0.00000014,0.00000011,0.00000003
25.68,0.00000014,0.00000011,0.00000003
25.69,0.00000014,0.00000011,0.00000002
25.70,0.00000013,0.00000010,0.00000001
25.71,0.00000013,0.00000010,0.00000001
25.72,0.00000012,0.00000009,0.00000000
25.73,0.00000012,0.00000008,-0.00000000
25.74,0.00000011,0.00000008,-0.00000001
25.75,0.00000010,0.00000007,-0.00000001
25.76,0.00000009,0.00000006,-0.00000001
25.77,0.00000008,0.00000006,-0.00000002
25.78,0.00000007,0.00000005,-0.00000002
25.79,0.00000006,0.00000005,-0.00000003
25.80,0.00000005,0.00000005,-0.00000003
25.81,0.00000004,0.00000004,-0.00000003
25.82,0.00000004,0.00000004,-0.00000003
25.83,0.00000003,0.00000004,-0.00000003
25.84,0.00000002,0.00000004,-0.00000003
25.85,0.00000001,0.00000004,-0.00000003
25.86,0.00000001,0.00000004,-0.00000003
25.87,0.00000000,0.00000004,-0.00000003
25.88,-0.00000000,0.00000004,-0.00000003
25.89,-0.00000000,0.00000004,-0.00000003
25.90,-0.00000001,0.00000004,-0.00000003
25.91,-0.00000001,0.00000003,-0.00000003
25.92,-0.00000001,0.00000003,-0.00000002
25.93,-0.00000001,0.00000003,-0.00000002
25.94,-0.00000001,0.00000002,-0.00000002
25.95,-0.00000001,0.00000002,-0.00000002
25.96,-0.00000002,0.00000001,-0.00000001
25.97,-0.00000002,0.00000001,-0.00000001
25.98,-0.00000002,0.00000000,-0.00000001
25.99,-0.00000002,-0.00000000,-0.00000000
26.00,-0.00000002,-0.00000001,-0.00000000
26.01,-0.00000002,-0.00000001,0.00000000
26.02,-0.00000003,-0.00000002,0.00000000
26.03,-0.00000003,-0.00000002,0.00000001
26.04,-0.00000003,-0.00000002,0.00000001
26.05,-0.00000003,-0.00000002,0.00000001
26.06,-0.00000004,-0.00000002,0.00000001
26.07,-0.00000004,-0.00000002,0.00000001
26.08,-0.00000004,-0.00000002,0.00000002
26.09,-0.00000004,-0.00000002,0.00000002
26.10,-0.00000004,-0.00000002,0.00000002
26.11,-0.00000005,-0.00000002,0.00000002
26.12,-0.00000005,-0.00000002,0.00000002
26.13,-0.00000005,-0.00000002,0.00000002
26.14,-0.00000005,-0.00000002,0.00000002
26.15,-0.00000005,-0.00000002,0.00000002
26.16,-0.00000005,-0.00000002,0.00000002
26.17,-0.00000005,-0.00000002,0.00000002
26.18,-0.00000004,-0.00000002,0.00000001
26.19,-0.00000004,-0.00000002,0.00000001
26.20,-0.00000004,-0.00000002,0.00000001
26.21,-0.00000004,-0.00000003,0.00000001
26.22,-0.00000003,-0.00000003,0.00000001
26.23,-0.00000003,-0.00000003,0.00000001
26.24,-0.00000003,-0.00000003,0.00000001
26.25,-0.00000002,-0.00000003,0.00000000
26.26,-0.00000002,-0.00000003,0.00000000
26.27,-0.00000002,-0.00000003,0.00000000
26.28,-0.00000001,-0.00000003,0.00000000
26.29,-0.00000001,-0.00000003,-0.00000000
26.30,-0.00000001,-0.00000003,-0.00000000
26.31,-0.00000000,-0.00000002,-0.00000000
26.32,-0.00000000,-0.00000002,-0.00000000
26.33,-0.00000000,-0.00000002,-0.00000001
26.34,0.00000000,-0.00000002,-0.00000001
26.35,0.00000000,-0.00000002,-0.00000001
26.36,0.00000000,-0.00000002,-0.00000001
26.37,0.00000000,-0.00000001,-0.00000001
26.38,0.00000001,-0.00000001,-0.00000001
26.39,0.00000001,-0.00000001,-0.00000001
26.40,0.00000001,-0.00000001,-0.00000001
26.41,0.00000001,-0.00000001,-0.00000001
26.42,0.00000001,-0.00000001,-0.00000001
26.43,0.00000001,-0.00000001,-0.00000001
26.44,0.00000001,-0.00000001,-0.00000001
26.45,0.00000001,-0.00000001,-0.00000001
26.46,0.00000001,-0.00000001,-0.00000001
26.47,0.00000001,-0.00000001,-0.00000001
26.48,0.00000001,-0.00000001,-0.00000001
26.49,0.00000001,-0.00000001,-0.00000001
26.50,0.00000001,-0.00000001,-0.00000000
26.51,0.00000001,-0.00000001,-0.00000000
26.52,0.00000001,-0.00000000,-0.00000000
26.53,0.00000001,-0.00000000,-0.00000000
26.54,0.00000001,-0.00000000,-0.00000000
26.55,0.00000001,-0.00000000,-0.00000000
26.56,0.00000002,-0.00000000,-0.00000000
26.57,0.00000002,0.00000000,0.00000000
26.58,0.00000002,0.00000000,0.00000000
26.59,0.00000002,0.00000000,0.00000000
26.60,0.00000002,0.00000000,0.00000000
26.61,0.00000002,0.00000001,0.00000000
26.62,0.00000002,0.00000001,0.00000000
26.63,0.00000002,0.00000001,0.00000000
26.64,0.00000002,0.00000001,0.00000000
26.65,0.00000001,0.00000001,0.00000000
26.66,0.00000001,0.00000001,0.00000000
26.67,0.00000001,0.00000001,0.00000000
26.68,0.00000001,0.00000001,0.00000000
26.69,0.00000001,0.00000001,0.00000000
26.70,0.00000001,0.00000001,0.00000000
26.71,0.00000001,0.00000001,0.00000000
26.72,0.00000001,0.00000001,0.00000000
26.73,0.00000001,0.00000001,0.00000000
26.74,0.00000000,0.00000001,0.00000000
26.75,0.00000000,0.00000001,0.00000000
26.76,0.00000000,0.00000001,0.00000000
26.77,0.00000000,0.00000001,0.00000000
26.78,0.00000000,0.00000001,0.00000000
26.79,-0.00000000,0.00000001,0.00000000
26.80,-0.00000000,0.00000001,0.00000000
26.81,-0.00000000,0.00000001,0.00000000
26.82,-0.00000000,0.00000001,0.00000000
26.83,-0.00000000,0.00000001,0.00000000
26.84,-0.00000000,0.00000001,-0.00000000
26.85,-0.00000000,0.00000001,-0.00000000
26.86,-0.00000000,0.00000001,-0.00000000
26.87,-0.00000000,0.00000001,-0.00000000
26.88,-0.00000000,0.00000001,-0.00000000
26.89,-0.00000000,0.00000001,-0.00000000
26.90,-0.00000000,0.00000001,-0.00000000
26.91,-0.00000000,0.00000001,-0.00000000
26.92,-0.00000000,0.00000001,-0.00000000
26.93,-0.00000000,0.00000000,-0.00000000
26.94,-0.00000000,0.00000000,-0.00000000
26.95,-0.00000000,0.00000000,-0.00000000
26.96,-0.00000000,0.00000000,-0.00000000
26.97,-0.00000000,0.00000000,-0.00000000
26.98,-0.00000000,0.00000000,-0.00000000
26.99,-0.00000000,0.00000000,-0.00000000
27.00,-0.00000000,0.00000000,-0.00000000
27.01,-0.00000000,0.00000000,-0.00000000
27.02,-0.00000000,0.00000000,-0.00000000
27.03,-0.00000001,0.00000000,-0.00000000
27.04,-0.00000001,0.00000000,-0.00000000
27.05,-0.00000001,0.00000000,-0.00000000
27.06,-0.00000001,0.00000000,-0.00000000
27.07,-0.00000001,0.00000000,-0.00000000
27.08,-0.00000001,0.00000000,-0.00000000
27.09,-0.00000001,0.00000000,-0.00000000
27.10,-0.00000001,0.00000000,-0.00000000
27.11,-0.00000000,0.00000000,-0.00000000
27.12,-0.00000000,0.00000000,0.00000000
27.13,-0.00000000,0.00000000,0.00000000
27.14,-0.00000000,-0.00000000,0.00000000
27.15,-0.00000000,-0.00000000,0.00000000
27.16,-0.00000000,-0.00000000,0.00000000
27.17,-0.00000000,-0.00000000,0.00000000
27.18,-0.00000000,-0.00000000,0.00000000
27.19,-0.00000000,-0.00000000,0.00000000
27.20,-0.00000000,-0.00000000,0.00000000
27.21,-0.00000000,-0.00000000,0.00000000
27.22,-0.00000000,-0.00000000,0.00000000
27.23,-0.00000000,-0.00000000,0.00000000
27.24,-0.00000000,-0.00000000,0.00000000
27.25,0.00000000,-0.00000000,0.00000000
27.26,0.00000000,-0.00000000,0.00000000
27.27,0.00000000,-0.00000000,0.00000000
27.28,0.00000000,-0.00000000,0.00000000
27.29,0.00000000,-0.00000000,0.00000000
27.30,0.00000000,-0.00000000,0.00000000
27.31,0.00000000,-0.00000000,0.00000000
27.32,0.00000000,-0.00000000,0.00000000
27.33,0.00000000,-0.00000000,0.00000000
27.34,0.00000000,-0.00000000,0.00000000
27.35,0.00000000,-0.00000000,0.00000000
27.36,0.00000000,-0.00000000,0.00000000
27.37,0.00000000,-0.00000000,0.00000000
27.38,0.00000000,-0.00000000,0.00000000
27.39,0.00000000,-0.00000000,0.00000000
27.40,0.00000000,-0.00000000,-0.00000000
27.41,0.00000000,-0.00000000,-0.00000000
27.42,0.00000000,-0.00000000,-0.00000000
27.43,0.00000000,-0.00000000,-0.00000000
27.44,0.00000000,-0.00000000,-0.00000000
27.45,0.00000000,-0.00000000,-0.00000000
27.46,0.00000000,-0.00000000,-0.00000000
27.47,0.00000000,-0.00000000,-0.00000000
27.48,0.00000000,-0.00000000,-0.00000000
27.49,0.00000000,-0.00000000,-0.00000000
27.50,0.00000000,-0.00000000,-0.00000000
27.51,0.00000000,-0.00000000,-0.00000000
27.52,0.00000000,-0.00000000,-0.00000000
27.53,0.00000000,-0.00000000,-0.00000000
27.54,0.00000000,-0.00000000,-0.00000000
27.55,0.00000000,-0.00000000,-0.00000000
27.56,0.00000000,-0.00000000,-0.00000000
27.57,0.00000000,-0.00000000,-0.00000000
27.58,0.00000000,-0.00000000,-0.00000000
27.59,0.00000000,-0.00000000,-0.00000000
27.60,0.00000000,-0.00000000,-0.00000000
27.61,0.00000000,-0.00000000,-0.00000000
27.62,0.00000000,0.00000000,-0.00000000
27.63,0.00000000,0.00000000,-0.00000000
27.64,0.00000000,0.00000000,-0.00000000
27.65,0.00000000,0.00000000,-0.00000000
27.66,0.00000000,0.00000000,-0.00000000
27.67,0.00000000,0.00000000,-0.00000000
27.68,0.00000000,0.00000000,0.00000000
27.69,0.00000000,0.00000000,0.00000000
27.70,0.00000000,0.00000000,0.00000000
27.71,-0.00000000,0.00000000,0.00000000
27.72,-0.00000000,0.00000000,0.00000000
27.73,-0.00000000,0.00000000,0.00000000
27.74,-0.00000000,0.00000000,0.00000000
27.75,-0.00000000,0.00000000,0.00000000
27.76,-0.00000000,0.00000000,0.00000000
27.77,-0.00000000,0.00000000,0.00000000
27.78,-0.00000000,0.00000000,0.00000000
27.79,-0.00000000,0.00000000,0.00000000
27.80,-0.00000000,0.00000000,0.00000000
27.81,-0.00000000,0.00000000,0.00000000
27.82,-0.00000000,0.00000000,0.00000000
27.83,-0.00000000,0.00000000,0.00000000
27.84,-0.00000000,0.00000000,0.00000000
27.85,-0.00000000,0.00000000,0.00000000
27.86,-0.00000000,0.00000000,0.00000000
27.87,-0.00000000,0.00000000,0.00000000
27.88,-0.00000000,0.00000000,0.00000000
27.89,-0.00000000,0.00000000,0.00000000
27.90,-0.00000000,0.00000000,0.00000000
27.91,-0.00000000,0.00000000,0.00000000
27.92,-0.00000000,0.00000000,0.00000000
27.93,-0.00000000,0.00000000,0.00000000
27.94,-0.00000000,0.00000000,0.00000000
27.95,-0.00000000,0.00000000,-0.00000000
27.96,-0.00000000,0.00000000,-0.00000000
27.97,-0.00000000,0.00000000,-0.00000000
27.98,-0.00000000,0.00000000,-0.00000000
27.99,-0.00000000,0.00000000,-0.00000000
28.00,-0.00000000,0.00000000,-0.00000000
28.01,-0.00000000,0.00000000,-0.00000000
28.02,-0.00000000,0.00000000,-0.00000000
28.03,-0.00000000,0.00000000,-0.00000000
28.04,-0.00000000,0.00000000,-0.00000000
28.05,-0.00000000,0.00000000,-0.00000000
28.06,-0.00000000,0.00000000,-0.00000000
28.07,-0.00000000,0.00000000,-0.00000000
28.08,-0.00000000,0.00000000,-0.00000000
28.09,-0.00000000,0.00000000,-0.00000000
28.10,-0.00000000,0.00000000,-0.00000000
28.11,-0.00000000,0.00000000,-0.00000000
28.12,-0.00000000,0.00000000,-0.00000000
28.13,-0.00000000,0.00000000,-0.00000000
28.14,-0.00000000,0.00000000,-0.00000000
28.15,-0.00000000,0.00000000,-0.00000000
28.16,-0.00000000,0.00000000,-0.00000000
28.17,0.00000000,0.00000000,-0.00000000
28.18,0.00000000,0.00000000,-0.00000000
28.19,0.00000000,0.00000000,-0.00000000
28.20,0.00000000,-0.00000000,-0.00000000
28.21,0.00000000,-0.00000000,-0.00000000
28.22,0.00000000,-0.00000000,-0.00000000
28.23,0.00000000,-0.00000000,0.00000000
28.24,0.00000000,-0.00000000,0.00000000
28.25,0.00000000,-0.00000000,0.00000000
28.26,0.00000000,-0.00000000,0.00000000
28.27,0.00000000,-0.00000000,0.00000000
28.28,0.00000000,-0.00000000,0.00000000
28.29,0.00000000,-0.00000000,0.00000000
28.30,0.00000000,-0.00000000,0.00000000
28.31,0.00000000,-0.00000000,0.00000000
28.32,0.00000000,-0.00000000,0.00000000
28.33,0.00000000,-0.00000000,0.00000000
28.34,0.00000000,-0.00000000,0.00000000
28.35,0.00000000,-0.00000000,0.00000000
28.36,0.00000000,-0.00000000,0.00000000
28.37,0.00000000,-0.00000000,0.00000000
28.38,0.00000000,-0.00000000,0.00000000
28.39,0.00000000,-0.00000000,0.00000000
28.40,0.00000000,-0.00000000,0.00000000
28.41,0.00000000,-0.00000000,0.00000000
28.42,0.00000000,-0.00000000,0.00000000
28.43,0.00000000,-0.00000000,0.00000000
28.44,0.00000000,-0.00000000,0.00000000
28.45,0.00000000,-0.00000000,0.00000000
28.46,0.00000000,-0.00000000,0.00000000
28.47,0.00000000,-0.00000000,0.00000000
28.48,0.00000000,-0.00000000,0.00000000
28.49,0.00000000,-0.00000000,0.00000000
28.50,0.00000000,-0.00000000,0.00000000
28.51,0.00000000,-0.00000000,-0.00000000
28.52,0.00000000,-0.00000000,-0.00000000
28.53,0.00000000,-0.00000000,-0.00000000
28.54,0.00000000,-0.00000000,-0.00000000
28.55,0.00000000,-0.00000000,-0.00000000
28.56,0.00000000,-0.00000000,-0.00000000
28.57,0.00000000,-0.00000000,-0.00000000
28.58,0.00000000,-0.00000000,-0.00000000
28.59,0.00000000,-0.00000000,-0.00000000
28.60,0.00000000,-0.00000000,-0.00000000
28.61,0.00000000,-0.00000000,-0.00000000
28.62,-0.00000000,-0.00000000,-0.00000000
28.63,-0.00000000,-0.00000000,-0.00000000
28.64,-0.00000000,-0.00000000,-0.00000000
28.65,-0.00000000,-0.00000000,-0.00000000
28.66,-0.00000000,-0.00000000,-0.00000000
28.67,-0.00000000,-0.00000000,-0.00000000
28.68,-0.00000000,-0.00000000,-0.00000000
28.69,-0.00000000,-0.00000000,-0.00000000
28.70,-0.00000000,-0.00000000,-0.00000000
28.71,-0.00000000,-0.00000000,-0.00000000
28.72,-0.00000000,-0.00000000,-0.00000000
28.73,-0.00000000,-0.00000000,-0.00000000
28.74,-0.00000000,-0.00000000,-0.00000000
28.75,-0.00000000,-0.00000000,-0.00000000
28.76,-0.00000000,-0.00000000,-0.00000000
28.77,-0.00000000,-0.00000000,-0.00000000
28.78,-0.00000000,0.00000000,-0.00000000
28.79,-0.00000000,0.00000000,0.00000000
28.80,-0.00000000,0.00000000,0.00000000
28.81,-0.00000000,0.00000000,0.00000000
28.82,-0.00000000,0.00000000,0.00000000
28.83,-0.00000000,0.00000000,0.00000000
28.84,-0.00000000,0.00000000,0.00000000
28.85,-0.00000000,0.00000000,0.00000000
28.86,-0.00000000,0.00000000,0.00000000
28.87,-0.00000000,0.00000000,0.00000000
28.88,-0.00000000,0.00000000,0.00000000
28.89,-0.00000000,0.00000000,0.00000000
28.90,-0.00000000,0.00000000,0.00000000
28.91,-0.00000000,0.00000000,0.00000000
28.92,-0.00000000,0.00000000,0.00000000
28.93,-0.00000000,0.00000000,0.00000000
28.94,-0.00000000,0.00000000,0.00000000
28.95,-0.00000000,0.00000000,0.00000000
28.96,-0.00000000,0.00000000,0.00000000
28.97,-0.00000000,0.00000000,0.00000000
28.98,-0.00000000,0.00000000,0.00000000
28.99,-0.00000000,0.00000000,0.00000000
29.00,-0.00000000,0.00000000,0.00000000
29.01,-0.00000000,0.00000000,0.00000000
29.02,-0.00000000,0.00000000,0.00000000
29.03,-0.00000000,0.00000000,0.00000000
29.04,-0.00000000,0.00000000,0.00000000
29.05,-0.00000000,0.00000000,0.00000000
29.06,-0.00000000,0.00000000,0.00000000
29.07,-0.00000000,0.00000000,-0.00000000
29.08,0.00000000,0.00000000,-0.00000000
29.09,0.00000000,0.00000000,-0.00000000
29.10,0.00000000,0.00000000,-0.00000000
29.11,0.00000000,0.00000000,-0.00000000
29.12,0.00000000,0.00000000,-0.00000000
29.13,0.00000000,0.00000000,-0.00000000
29.14,0.00000000,0.00000000,-0.00000000
29.15,0.00000000,0.00000000,-0.00000000
29.16,0.00000000,0.00000000,-0.00000000
29.17,0.00000000,0.00000000,-0.00000000
29.18,0.00000000,0.00000000,-0.00000000
29.19,0.00000000,0.00000000,-0.00000000
29.20,0.00000000,0.00000000,-0.00000000
29.21,0.00000000,0.00000000,-0.00000000
29.22,0.00000000,0.00000000,-0.00000000
29.23,0.00000000,0.00000000,-0.00000000
29.24,0.00000000,0.00000000,-0.00000000
29.25,0.00000000,0.00000000,-0.00000000
29.26,0.00000000,0.00000000,-0.00000000
29.27,0.00000000,0.00000000,-0.00000000
29.28,0.00000000,0.00000000,-0.00000000
29.29,0.00000000,0.00000000,-0.00000000
29.30,0.00000000,0.00000000,-0.00000000
29.31,0.00000000,0.00000000,-0.00000000
29.32,0.00000000,0.00000000,-0.00000000
29.33,0.00000000,0.00000000,-0.00000000
29.34,0.00000000,0.00000000,0.00000000
29.35,0.00000000,0.00000000,0.00000000
29.36,0.00000000,-0.00000000,0.00000000
29.37,0.00000000,-0.00000000,0.00000000
29.38,0.00000000,-0.00000000,0.00000000
29.39,0.00000000,-0.00000000,0.00000000
29.40,0.00000000,-0.00000000,0.00000000
29.41,0.00000000,-0.00000000,0.00000000
29.42,0.00000000,-0.00000000,0.00000000
29.43,0.00000000,-0.00000000,0.00000000
29.44,0.00000000,-0.00000000,0.00000000
29.45,0.00000000,-0.00000000,0.00000000
29.46,0.00000000,-0.00000000,0.00000000
29.47,0.00000000,-0.00000000,0.00000000
29.48,0.00000000,-0.00000000,0.00000000
29.49,0.00000000,-0.00000000,0.00000000
29.50,0.00000000,-0.00000000,0.00000000
29.51,0.00000000,-0.00000000,0.00000000
29.52,0.00000000,-0.00000000,0.00000000
29.53,0.00000000,-0.00000000,0.00000000
29.54,-0.00000000,-0.00000000,0.00000000
29.55,-0.00000000,-0.00000000,0.00000000
29.56,-0.00000000,-0.00000000,0.00000000
29.57,-0.00000000,-0.00000000,0.00000000
29.58,-0.00000000,-0.00000000,0.00000000
29.59,-0.00000000,-0.00000000,0.00000000
29.60,-0.00000000,-0.00000000,0.00000000
29.61,-0.00000000,-0.00000000,0.00000000
29.62,-0.00000000,-0.00000000,-0.00000000
29.63,-0.00000000,-0.00000000,-0.00000000
29.64,-0.00000000,-0.00000000,-0.00000000
29.65,-0.00000000,-0.00000000,-0.00000000
29.66,-0.00000000,-0.00000000,-0.00000000
29.67,-0.00000000,-0.00000000,-0.00000000
29.68,-0.00000000,-0.00000000,-0.00000000
29.69,-0.00000000,-0.00000000,-0.00000000
29.70,-0.00000000,-0.00000000,-0.00000000
29.71,-0.00000000,-0.00000000,-0.00000000
29.72,-0.00000000,-0.00000000,-0.00000000
29.73,-0.00000000,-0.00000000,-0.00000000
29.74,-0.00000000,-0.00000000,-0.00000000
29.75,-0.00000000,-0.00000000,-0.00000000
29.76,-0.00000000,-0.00000000,-0.00000000
29.77,-0.00000000,-0.00000000,-0.00000000
29.78,-0.00000000,-0.00000000,-0.00000000
29.79,-0.00000000,-0.00000000,-0.00000000
29.80,-0.00000000,-0.00000000,-0.00000000
29.81,-0.00000000,-0.00000000,-0.00000000
29.82,-0.00000000,-0.00000000,-0.00000000
29.83,-0.00000000,-0.00000000,-0.00000000
29.84,-0.00000000,-0.00000000,-0.00000000
29.85,-0.00000000,-0.00000000,-0.00000000
29.86,-0.00000000,0.00000000,-0.00000000
29.87,-0.00000000,0.00000000,-0.00000000
29.88,-0.00000000,0.00000000,-0.00000000
29.89,-0.00000000,0.00000000,-0.00000000
29.90,-0.00000000,0.00000000,0.00000000
29.91,-0.00000000,0.00000000,0.00000000
29.92,-0.00000000,0.00000000,0.00000000
29.93,-0.00000000,0.00000000,0.00000000
29.94,-0.00000000,0.00000000,0.00000000
29.95,-0.00000000,0.00000000,0.00000000
29.96,-0.00000000,0.00000000,0.00000000
29.97,-0.00000000,0.00000000,0.00000000
29.98,-0.00000000,0.00000000,0.00000000
29.99,-0.00000000,0.00000000,0.00000000
